0.00,-3.61,-5.55,6.30,0.10,-0.03,0.03,32.16,0
0.05,-3.70,-5.54,6.15,0.10,0.00,-0.03,32.17,0
0.10,-3.64,-5.58,6.17,0.09,-0.01,-0.04,32.19,0
0.15,-3.61,-5.61,6.11,0.11,-0.02,-0.01,32.18,0
0.20,-3.66,-5.55,6.25,0.11,-0.02,-0.00,32.19,0
0.25,-3.64,-5.57,6.12,0.10,-0.01,-0.03,32.19,0
0.30,-3.60,-5.57,6.15,0.11,-0.01,-0.01,32.22,0
0.35,-3.66,-5.54,6.23,0.10,-0.02,-0.01,32.23,0
0.40,-3.66,-5.56,6.18,0.09,-0.01,-0.02,32.22,0
0.45,-3.65,-5.57,6.16,0.09,-0.01,-0.03,32.25,0
0.50,-3.62,-5.57,6.16,0.09,-0.02,-0.02,32.26,0
0.55,-3.65,-5.61,6.10,0.10,0.01,-0.00,32.27,0
0.60,-3.66,-5.56,6.18,0.10,-0.02,-0.01,32.29,0
0.65,-3.67,-5.57,6.17,0.11,-0.02,-0.01,32.31,0
0.70,-3.67,-5.55,6.17,0.11,-0.03,-0.01,32.32,0
0.75,-3.67,-5.57,6.13,0.11,-0.01,-0.03,32.32,0
0.80,-3.67,-5.55,6.17,0.10,-0.02,-0.02,32.32,0
0.85,-3.70,-5.54,6.19,0.09,-0.02,-0.02,32.32,0
0.90,-3.68,-5.56,6.21,0.09,-0.02,-0.02,32.32,0
0.95,-3.67,-5.54,6.13,0.10,-0.01,-0.02,32.33,0
1.00,-3.68,-5.55,6.21,0.10,-0.02,-0.01,32.35,0
1.05,-3.72,-5.52,6.12,0.09,-0.02,-0.02,32.34,0
1.10,-3.62,-5.60,6.15,0.10,-0.01,-0.03,32.35,0
1.15,-3.72,-5.55,6.15,0.10,-0.03,-0.00,32.34,0
1.20,-3.69,-5.51,6.20,0.10,-0.03,-0.01,32.36,0
1.25,-3.68,-5.55,6.16,0.09,-0.02,-0.02,32.36,0
1.30,-3.67,-5.55,6.11,0.10,-0.02,-0.03,32.36,0
1.35,-3.69,-5.54,6.22,0.10,-0.02,-0.02,32.34,0
1.40,-3.68,-5.55,6.14,0.09,-0.03,-0.02,32.36,0
1.45,-3.65,-5.57,6.14,0.10,-0.02,-0.01,32.37,0
1.50,-3.72,-5.50,6.22,0.10,-0.03,0.00,32.38,0
1.55,-3.70,-5.53,6.19,0.10,-0.02,-0.03,32.42,0
1.60,-3.64,-5.54,6.16,0.09,-0.01,-0.03,32.41,0
1.65,-3.67,-5.54,6.20,0.10,-0.02,-0.02,32.39,0
1.70,-3.69,-5.53,6.18,0.10,-0.02,-0.03,32.41,0
1.75,-3.65,-5.53,6.20,0.10,-0.02,-0.02,32.40,0
1.80,-3.69,-5.52,6.18,0.10,-0.03,-0.01,32.41,0
1.85,-3.67,-5.54,6.12,0.09,-0.02,-0.03,32.42,0
1.90,-3.65,-5.54,6.22,0.09,-0.03,-0.02,32.44,0
1.95,-3.69,-5.51,6.19,0.10,-0.03,-0.02,32.43,0
2.00,-3.65,-5.54,6.18,0.09,-0.02,-0.02,32.44,0
2.05,-3.66,-5.55,6.18,0.10,-0.03,-0.02,32.44,0
2.10,-3.62,-5.54,6.18,0.10,-0.02,-0.01,32.44,0
2.15,-3.64,-5.54,6.15,0.10,-0.03,0.00,32.46,0
2.20,-3.68,-5.50,6.18,0.11,-0.03,0.01,32.44,0
2.25,-3.73,-5.46,6.21,0.10,-0.02,-0.02,32.45,0
2.30,-3.65,-5.51,6.18,0.09,-0.00,-0.05,32.45,0
2.35,-3.64,-5.54,6.19,0.10,-0.02,-0.02,32.45,0
2.40,-3.69,-5.50,6.21,0.10,-0.02,-0.01,32.46,0
2.45,-3.65,-5.53,6.18,0.10,-0.02,-0.03,32.48,0
2.50,-3.66,-5.52,6.22,0.10,-0.02,-0.01,32.47,0
2.55,-3.70,-5.49,6.18,0.09,-0.02,-0.02,32.48,0
2.60,-3.66,-5.50,6.26,0.10,-0.01,-0.03,32.46,0
2.65,-3.65,-5.54,6.15,0.09,-0.01,-0.03,32.47,0
2.70,-3.65,-5.51,6.21,0.10,-0.02,-0.01,32.49,0
2.75,-3.68,-5.51,6.21,0.10,-0.01,-0.02,32.49,0
2.80,-3.66,-5.52,6.21,0.10,-0.02,-0.02,32.49,0
2.85,-3.66,-5.51,6.18,0.09,-0.02,-0.02,32.49,0
2.90,-3.65,-5.51,6.21,0.10,-0.02,-0.01,32.51,0
2.95,-3.67,-5.52,6.18,0.10,-0.02,-0.01,32.49,0
3.00,-3.68,-5.51,6.22,0.10,-0.03,-0.02,32.52,0
3.05,-3.65,-5.51,6.17,0.11,-0.01,-0.02,32.51,0
3.10,-3.69,-5.48,6.24,0.09,-0.01,-0.02,32.50,0
3.15,-3.65,-5.54,6.22,0.12,-0.01,-0.03,32.52,0
3.20,-3.73,-5.48,6.13,0.17,0.02,-0.01,32.51,0
3.25,-3.69,-5.39,6.30,0.19,-0.01,-0.03,32.52,0
3.30,-3.68,-5.43,6.32,0.08,-0.01,0.00,32.52,0
3.35,-3.59,-5.52,6.41,0.09,0.01,0.04,32.55,0
3.40,-3.99,-5.36,6.59,-0.04,0.18,0.10,32.52,0
3.45,-3.93,-6.49,4.78,-0.43,0.07,-0.24,32.53,0
3.50,-4.17,-6.24,5.42,0.24,0.33,-0.13,32.53,0
3.55,-4.11,-5.40,5.60,0.09,0.46,0.02,32.56,0
3.60,-4.09,-5.56,5.79,0.06,0.44,0.02,32.56,0
3.65,-4.38,-5.48,5.71,0.14,0.37,0.07,32.55,0
3.70,-4.64,-5.16,5.43,0.04,0.29,0.11,32.55,0
3.75,-4.87,-5.48,5.38,-0.03,0.36,0.17,32.56,0
3.80,-6.27,-5.03,3.79,0.07,0.06,0.01,32.58,0
3.85,-5.35,-5.60,4.84,0.03,0.44,0.26,32.57,0
3.90,-5.36,-5.35,4.94,-0.01,0.34,0.13,32.54,0
3.95,-5.29,-5.52,5.28,0.02,0.29,0.15,32.57,0
4.00,-5.58,-6.03,5.09,0.05,0.12,0.05,32.57,0
4.05,-5.91,-5.66,4.72,0.17,-0.04,-0.02,32.58,0
4.10,-5.85,-5.59,4.12,0.18,-0.05,-0.08,32.57,0
4.15,-5.59,-5.22,3.90,0.19,0.06,-0.08,32.57,0
4.20,-6.17,-5.33,3.88,0.15,0.06,-0.08,32.57,0
4.25,-5.96,-5.21,3.99,0.10,0.23,-0.04,32.59,0
4.30,-6.05,-5.22,4.14,0.36,0.19,-0.11,32.58,0
4.35,-3.85,-4.69,10.55,0.95,-0.05,0.10,32.59,0
4.40,-5.06,-6.06,4.18,0.11,-0.06,0.04,32.62,0
4.45,-6.03,-5.32,4.51,0.05,-0.08,-0.07,32.58,0
4.50,-6.38,-4.91,4.64,0.08,-0.03,-0.01,32.60,0
4.55,-4.98,-4.84,4.72,0.06,0.08,-0.00,32.59,0
4.60,-6.19,-5.02,4.53,0.09,-0.01,0.04,32.60,0
4.65,-6.29,-4.94,4.66,0.16,-0.05,0.10,32.60,0
4.70,-5.89,-5.20,4.48,0.10,-0.07,-0.04,32.60,0
4.75,-6.19,-4.94,4.68,0.08,-0.04,-0.09,32.61,0
4.80,-6.07,-5.07,4.62,0.07,-0.03,-0.05,32.61,0
4.85,-6.04,-5.08,4.63,0.07,-0.02,-0.11,32.61,0
4.90,-5.68,-5.11,4.52,0.10,0.00,0.02,32.61,0
4.95,-6.14,-4.96,4.67,0.14,-0.01,0.07,32.61,33
5.00,-6.14,-4.91,4.64,0.12,0.01,0.06,32.62,140
5.05,-6.13,-4.87,4.63,0.10,-0.04,0.05,32.61,25
5.10,-6.02,-4.90,4.57,0.07,-0.02,0.00,32.62,47
5.15,-6.19,-4.95,4.47,0.07,-0.07,-0.05,32.61,0
5.20,-6.16,-5.03,4.75,0.11,-0.09,-0.17,32.62,0
5.25,-6.13,-5.15,4.70,0.11,-0.05,-0.04,32.61,0
5.30,-5.98,-5.06,4.69,0.09,-0.06,0.08,32.64,0
5.35,-5.96,-5.05,4.61,0.05,0.12,0.06,32.64,208
5.40,-6.21,-5.03,4.64,0.07,0.13,0.00,32.62,328
5.45,-6.26,-5.01,4.51,0.12,0.20,-0.03,32.62,0
5.50,-6.34,-5.03,4.49,0.16,0.08,-0.01,32.65,0
5.55,-7.26,-3.67,4.68,-0.06,-0.09,0.12,32.64,0
5.60,-7.20,-4.31,2.87,-0.42,-1.01,1.23,32.65,0
5.65,-7.75,-3.81,3.79,-0.57,-0.14,0.69,32.65,0
5.70,-6.74,-3.80,4.26,-1.20,-0.75,1.33,32.64,0
5.75,-6.85,-4.24,4.80,-1.47,-0.90,1.34,32.65,0
5.80,-6.18,-3.61,5.36,-2.16,-1.42,1.88,32.65,0
5.85,-5.81,-4.34,5.36,-2.06,-1.63,1.78,32.62,27
5.90,-6.66,-3.72,6.20,-1.81,-1.29,1.77,32.65,676
5.95,-5.62,-4.25,4.64,-1.80,-1.42,1.36,32.65,556
6.00,-5.93,-4.26,2.87,-1.85,-1.65,0.89,32.66,676
6.05,-7.40,-4.80,1.06,-1.39,-0.67,0.79,32.67,91
6.10,-9.76,-4.31,4.57,0.32,-0.29,0.25,32.64,0
6.15,-6.56,-4.92,4.77,0.02,-0.08,-0.12,32.66,641
6.20,-6.38,-4.89,4.88,0.07,0.08,-0.11,32.67,126
6.25,-5.90,-5.29,4.40,0.06,0.13,-0.22,32.68,420
6.30,-6.19,-4.98,4.67,0.18,-0.14,0.08,32.65,161
6.35,-5.90,-5.20,4.36,0.08,0.01,0.02,32.67,0
6.40,-5.83,-5.52,4.39,-0.07,0.02,-0.07,32.68,302
6.45,-5.93,-5.43,4.44,-0.07,0.22,-0.06,32.66,183
6.50,-6.31,-5.41,4.34,-0.15,0.34,0.05,32.67,0
6.55,-6.66,-5.28,4.18,-0.21,0.84,0.37,32.67,0
6.60,-7.16,-5.30,4.19,-0.33,1.39,0.83,32.68,0
6.65,-7.54,-5.33,2.19,-0.32,1.46,1.05,32.70,410
6.70,-8.15,-3.77,1.34,-0.29,1.52,0.95,32.67,86
6.75,-8.50,-3.88,1.50,-0.92,2.34,1.07,32.67,8
6.80,-11.29,-4.60,-0.83,-2.12,3.44,1.07,32.68,0
6.85,-9.74,-1.72,-5.87,-2.69,1.98,0.63,32.69,0
6.90,-8.10,1.46,-5.09,-3.02,1.30,0.26,32.69,0
6.95,-11.65,3.43,-3.96,-0.80,-1.78,-0.64,32.69,0
7.00,-7.09,-2.89,2.04,-0.28,-1.89,-1.50,32.68,0
7.05,-5.86,-1.64,3.90,0.08,-3.55,-1.65,32.69,0
7.10,-8.16,-2.03,4.19,-0.02,-4.00,-1.84,32.68,0
7.15,-11.31,-4.14,4.31,0.24,-4.02,-1.55,32.68,0
7.20,-13.02,-3.92,5.59,0.19,-3.42,-1.48,32.72,0
7.25,-13.19,-3.25,1.20,-0.55,-3.12,-0.30,32.72,0
7.30,-9.76,-2.62,-1.92,-0.63,-0.96,0.32,32.67,0
7.35,-9.07,-4.14,3.87,0.12,1.96,0.19,32.70,3
7.40,-5.37,-6.79,4.99,-0.46,0.91,0.54,32.72,0
7.45,-5.77,-6.04,4.59,-0.26,0.87,0.67,32.72,0
7.50,-7.03,-4.96,4.88,-0.06,-0.23,0.24,32.71,0
7.55,-6.25,-5.18,4.63,0.03,-0.07,0.06,32.72,0
7.60,-5.86,-5.21,4.56,0.07,0.05,-0.01,32.72,0
7.65,-6.32,-5.25,4.57,0.08,0.20,0.07,32.73,0
7.70,-6.32,-5.24,4.53,0.04,0.33,0.23,32.73,21
7.75,-6.72,-4.87,4.88,0.00,0.78,0.50,32.72,0
7.80,-7.15,-4.66,4.03,-0.04,1.32,0.88,32.73,0
7.85,-7.76,-5.01,3.52,-0.09,1.98,1.41,32.72,0
7.90,-8.33,-3.72,2.02,-0.23,2.46,1.96,32.72,0
7.95,-9.28,-1.55,0.10,-0.56,2.97,1.81,32.74,0
8.00,-13.22,-4.37,-1.78,-1.26,3.60,1.90,32.72,0
8.05,-6.13,-3.89,-1.03,-1.67,2.71,1.11,32.72,0
8.10,-14.61,-0.38,2.16,-0.28,-2.57,-0.90,32.75,0
8.15,-4.12,-4.96,3.67,1.27,-3.57,-2.48,32.75,7
8.20,-6.10,-4.27,4.56,1.33,-3.49,-2.90,32.74,38
8.25,-12.52,-4.44,5.28,0.55,-4.37,-2.25,32.75,46
8.30,-17.47,-8.50,3.49,1.01,-4.11,-2.05,32.73,0
8.35,-17.23,0.26,-6.71,0.58,-2.03,-2.15,32.76,0
8.40,-12.55,-4.68,3.66,0.37,2.24,0.77,32.74,0
8.45,-8.53,-7.81,4.34,-0.66,2.13,0.93,32.75,0
8.50,-8.40,-6.05,4.40,-0.18,0.45,0.36,32.77,0
8.55,-6.50,-4.90,4.67,0.10,-0.12,0.31,32.78,0
8.60,-6.64,-4.59,4.76,0.14,-0.24,0.22,32.76,0
8.65,-6.42,-4.51,4.87,0.23,0.14,0.22,32.75,0
8.70,-6.22,-5.02,4.92,0.28,0.30,0.35,32.77,0
8.75,-6.89,-4.20,5.61,0.31,0.96,0.65,32.77,0
8.80,-7.40,-5.15,6.58,-0.01,2.31,1.51,32.79,0
8.85,-12.20,-7.42,6.64,-0.24,4.37,3.29,32.79,0
8.90,-9.03,-3.68,3.33,0.35,3.90,3.24,32.80,0
8.95,-0.56,-2.68,3.21,0.85,-0.66,-1.17,32.77,0
9.00,-6.02,-3.72,3.27,0.66,-2.76,-1.84,32.77,0
9.05,-9.76,-5.62,1.87,1.01,-3.21,-2.19,32.77,0
9.10,-10.70,-7.21,1.95,1.57,-2.95,-2.51,32.80,0
9.15,-11.69,-6.81,2.31,0.89,-2.59,-2.43,32.80,0
9.20,-11.83,-3.00,1.22,-0.45,-2.23,-1.54,32.80,0
9.25,-12.89,-0.37,-5.08,-0.18,-0.19,-0.52,32.79,0
9.30,-16.00,0.39,9.53,-0.47,2.79,1.44,32.78,0
9.35,-7.25,-5.32,4.54,-0.04,-0.13,0.23,32.80,0
9.40,-6.16,-4.74,5.00,-0.10,-0.09,-0.04,32.78,0
9.45,-5.97,-5.15,4.53,0.01,-0.03,-0.10,32.80,0
9.50,-6.26,-4.92,4.75,0.03,0.12,0.07,32.78,25
9.55,-6.24,-5.08,4.64,0.12,0.15,0.22,32.81,21
9.60,-6.53,-4.60,5.08,0.16,0.45,0.36,32.78,11
9.65,-6.73,-5.35,5.22,-0.03,1.23,0.67,32.81,0
9.70,-7.72,-6.02,6.09,-0.35,2.85,1.71,32.81,0
9.75,-11.24,-6.53,6.25,-1.00,4.37,3.24,32.82,0
9.80,-9.09,-7.39,8.66,0.01,1.11,1.32,32.83,0
9.85,-3.50,-4.17,4.32,0.46,-1.73,-0.96,32.84,0
9.90,-7.08,-4.79,1.43,0.94,-3.17,-1.68,32.82,0
9.95,-10.35,-6.87,0.48,1.49,-2.83,-2.30,32.81,0
10.00,-10.09,-7.53,0.14,1.37,-1.85,-2.06,32.81,0
10.05,-13.96,-4.78,-0.54,-0.70,-1.43,-1.35,32.84,0
10.10,-14.03,1.73,-1.27,-2.51,-2.72,-0.22,32.87,0
10.15,-12.58,6.99,14.23,1.00,2.70,0.26,32.81,0
10.20,-6.44,-5.96,3.98,-0.02,-0.25,0.20,32.82,0
10.25,-6.14,-5.10,4.78,0.00,-0.15,0.08,32.83,0
10.30,-6.17,-5.23,4.48,0.14,-0.05,-0.01,32.84,0
10.35,-5.98,-5.34,4.58,0.04,0.07,-0.01,32.86,0
10.40,-5.98,-5.35,4.51,0.05,0.13,0.05,32.84,23
10.45,-6.12,-5.35,4.43,0.04,0.26,0.07,32.86,0
10.50,-6.33,-5.35,4.95,0.05,0.62,0.31,32.84,0
10.55,-6.79,-5.32,5.01,-0.26,1.44,0.69,32.84,0
10.60,-7.82,-5.98,5.42,-1.09,3.21,1.37,32.86,0
10.65,-11.53,-4.92,3.41,-2.15,4.27,1.80,32.86,0
10.70,-5.05,-4.30,8.94,-2.05,-1.68,1.28,32.88,0
10.75,-4.42,-3.78,5.17,0.13,-2.51,-1.13,32.86,0
10.80,-8.74,-3.80,3.36,0.59,-3.50,-1.64,32.88,0
10.85,-10.54,-4.69,3.59,0.61,-2.95,-1.46,32.86,0
10.90,-12.37,-4.88,4.45,0.60,-2.38,-0.52,32.85,0
10.95,-13.30,-3.66,-0.94,-0.41,-2.16,-0.82,32.89,0
11.00,-12.27,0.76,-8.93,-0.42,0.71,0.77,32.85,0
11.05,-9.40,-8.80,3.84,-0.52,1.92,0.97,32.89,0
11.10,-6.78,-4.83,4.75,-0.07,-0.29,0.23,32.89,0
11.15,-6.01,-5.24,4.61,-0.01,-0.17,0.04,32.89,0
11.20,-6.05,-5.33,4.50,0.24,-0.20,0.06,32.87,0
11.25,-5.98,-5.11,4.60,0.15,-0.06,0.00,32.89,0
11.30,-6.04,-4.88,4.84,0.17,-0.03,0.05,32.89,6
11.35,-5.86,-5.19,4.66,0.10,0.04,0.08,32.89,0
11.40,-6.07,-5.05,4.73,0.14,0.11,0.21,32.89,0
11.45,-6.30,-4.82,4.82,0.27,0.26,0.34,32.90,0
11.50,-6.71,-4.41,4.86,0.28,0.44,0.52,32.88,0
11.55,-6.97,-4.75,4.76,0.15,0.72,0.89,32.90,0
11.60,-7.61,-5.04,5.47,0.12,1.51,1.70,32.89,0
11.65,-9.64,-5.29,3.82,0.25,2.18,2.95,32.90,0
11.70,-10.09,-3.69,-0.51,-0.99,1.06,3.34,32.90,0
11.75,-3.82,-5.80,1.26,-1.16,-0.37,-1.35,32.90,0
11.80,-7.18,1.38,4.77,-1.59,-0.99,-2.44,32.91,0
11.85,-9.18,-0.34,4.33,-0.72,-1.97,-1.31,32.93,0
11.90,-9.18,-2.77,3.75,-0.68,-1.72,-1.49,32.91,0
11.95,-7.98,-1.35,5.00,-0.62,-1.08,-0.99,32.92,0
12.00,-17.43,6.61,0.60,-0.58,-1.08,1.38,32.92,0
12.05,-6.43,-5.46,4.06,-0.03,-0.26,-0.21,32.89,0
12.10,-6.46,-4.06,5.00,0.12,-0.15,0.03,32.93,0
12.15,-6.51,-4.48,4.68,0.10,-0.07,0.02,32.92,0
12.20,-6.31,-4.44,4.79,0.04,-0.03,-0.06,32.93,0
12.25,-6.43,-4.42,4.77,0.05,-0.04,-0.07,32.91,0
12.30,-6.45,-4.49,4.74,0.09,-0.02,-0.02,32.93,0
12.35,-6.36,-4.48,4.80,0.11,-0.06,-0.01,32.91,0
12.40,-6.41,-4.48,4.77,0.10,-0.03,-0.02,32.94,0
12.45,-6.38,-4.44,4.80,0.10,-0.04,-0.02,32.93,0
12.50,-6.34,-4.48,4.75,0.09,-0.04,-0.04,32.92,0
12.55,-6.30,-4.50,4.78,0.10,-0.04,-0.03,32.92,0
12.60,-6.31,-4.48,4.77,0.09,-0.03,-0.03,32.93,0
12.65,-6.31,-4.49,4.77,0.09,-0.04,-0.03,32.94,0
12.70,-6.25,-4.53,4.80,0.09,-0.03,-0.03,32.95,0
12.75,-6.30,-4.50,4.80,0.10,-0.03,-0.02,32.92,0
12.80,-6.29,-4.49,4.80,0.10,-0.03,-0.02,32.92,0
12.85,-6.32,-4.50,4.81,0.10,-0.03,-0.02,32.95,0
12.90,-6.25,-4.48,4.83,0.09,-0.03,-0.04,32.95,0
12.95,-6.31,-4.53,4.82,0.09,-0.02,-0.04,32.94,0
13.00,-6.26,-4.53,4.84,0.12,-0.06,-0.06,32.95,0
13.05,-6.21,-4.54,4.87,0.10,-0.03,-0.03,32.97,0
13.10,-6.24,-4.54,4.81,0.09,-0.02,-0.03,32.94,0
13.15,-6.23,-4.55,4.87,0.08,-0.01,-0.03,32.95,0
13.20,-6.22,-4.54,4.83,0.09,-0.03,-0.03,32.97,0
13.25,-6.22,-4.54,4.83,0.10,-0.03,-0.05,32.97,0
13.30,-6.23,-4.58,4.77,0.09,-0.02,-0.05,32.97,0
13.35,-6.20,-4.62,4.87,0.11,-0.03,-0.03,32.98,0
13.40,-6.22,-4.57,4.86,0.11,-0.04,-0.02,32.96,0
13.45,-6.19,-4.57,4.88,0.11,-0.04,-0.02,32.96,0
13.50,-6.17,-4.56,4.87,0.10,-0.02,-0.02,32.96,0
13.55,-6.17,-4.55,4.85,0.11,-0.03,-0.02,32.99,0
13.60,-6.21,-4.57,4.90,0.04,0.01,0.01,32.97,0
13.65,-6.65,-4.61,4.85,-0.02,0.44,-0.00,32.98,0
13.70,-7.42,-5.38,4.18,0.42,0.39,-0.18,32.97,0
13.75,-8.09,-5.57,6.31,-0.17,1.32,0.11,32.99,0
13.80,-8.08,-4.65,5.88,0.07,1.44,1.15,32.97,0
13.85,-7.61,-4.08,3.63,-0.34,2.39,1.74,32.99,0
13.90,-8.09,-0.89,-1.04,-0.30,2.45,1.49,33.00,0
13.95,-9.06,-0.93,-2.59,0.07,1.03,0.58,33.00,0
14.00,-9.92,-0.49,-1.38,0.00,0.48,0.38,32.97,0
14.05,-9.43,-0.92,-3.08,0.27,0.07,0.07,32.97,0
14.10,-10.17,0.77,-2.20,0.05,-1.39,-0.68,33.00,0
14.15,-8.65,-1.66,0.68,0.14,-0.79,-1.54,32.97,0
14.20,-8.00,-0.40,5.52,0.03,-1.15,-0.76,32.98,0
14.25,-6.83,-1.97,6.33,-0.00,-1.84,-0.65,32.99,24
14.30,-7.82,-2.36,7.11,0.23,-2.46,-0.43,32.99,0
14.35,-8.62,-4.04,5.31,0.45,-2.24,-0.40,32.98,0
14.40,-8.54,-5.90,-0.62,0.03,-1.80,-0.31,32.99,0
14.45,-9.86,-5.91,-0.14,-1.41,0.73,-0.23,32.99,0
14.50,-11.59,-5.46,5.66,-0.41,0.78,0.37,33.00,0
14.55,-6.69,-4.44,4.87,-0.06,-0.12,-0.07,33.02,0
14.60,-6.34,-5.05,4.57,-0.13,-0.06,-0.27,33.02,0
14.65,-6.29,-4.89,4.70,0.03,-0.10,-0.07,32.99,0
14.70,-6.21,-4.93,4.63,0.03,0.02,-0.05,33.01,0
14.75,-6.22,-4.94,4.59,0.06,0.02,-0.06,33.00,0
14.80,-6.17,-4.96,4.59,0.17,-0.11,-0.06,32.99,0
14.85,-6.02,-4.99,4.74,0.19,-0.10,-0.06,33.00,0
14.90,-5.84,-5.14,4.84,0.05,0.05,0.01,33.02,0
14.95,-6.01,-5.17,4.94,-0.06,0.33,0.11,33.02,0
15.00,-6.58,-4.66,4.76,-0.05,0.67,0.35,33.01,0
15.05,-6.82,-4.68,3.64,-0.03,0.44,0.17,33.00,0
15.10,-6.96,-4.73,3.65,0.03,0.17,0.01,33.02,0
15.15,-6.94,-4.75,4.12,0.03,0.26,0.10,33.03,0
15.20,-7.08,-5.28,4.32,-0.08,0.72,0.32,33.02,0
15.25,-7.27,-6.21,5.36,-0.55,2.27,1.55,33.03,0
15.30,-6.18,-6.20,7.18,0.09,1.08,0.77,33.02,0
15.35,-2.38,-6.02,5.73,0.91,-1.75,-0.78,33.03,0
15.40,-6.78,-5.89,3.96,1.07,-2.72,-1.44,33.01,0
15.45,-8.44,-5.87,1.51,0.98,-1.49,-1.81,33.03,0
15.50,-12.83,-3.53,-2.86,0.18,1.34,0.53,33.02,0
15.55,-10.36,-0.20,-1.81,-0.16,1.58,-0.43,33.02,0
15.60,-6.06,-2.27,8.21,2.21,0.27,0.47,33.02,0
15.65,-6.42,-4.33,5.98,0.34,-0.49,0.22,33.04,0
15.70,-6.61,-5.05,4.71,0.11,-0.14,0.20,33.03,0
15.75,-6.68,-4.21,4.42,0.09,0.01,0.08,33.04,0
15.80,-6.75,-4.36,4.03,0.12,-0.11,-0.04,33.04,0
15.85,-6.55,-4.17,4.98,0.08,-0.45,-0.33,33.03,0
15.90,-6.38,-4.93,4.98,0.10,-0.14,-0.12,33.05,0
15.95,-6.39,-4.63,4.75,0.08,0.04,-0.01,33.04,0
16.00,-6.50,-4.34,4.64,0.10,-0.07,-0.10,33.04,0
16.05,-6.17,-4.59,5.16,0.26,-0.13,-0.24,33.03,0
16.10,-6.31,-4.94,4.92,0.03,0.38,0.03,33.05,0
16.15,-6.86,-4.46,4.53,0.02,0.19,0.02,33.03,0
16.20,-7.04,-5.10,1.63,-0.51,-0.47,0.63,33.05,0
16.25,-6.93,-4.02,3.57,-0.10,0.24,0.02,33.05,0
16.30,-7.25,-4.08,4.88,0.23,0.25,-0.07,33.03,0
16.35,-5.03,-4.61,5.64,0.00,-0.01,0.00,33.05,0
16.40,-4.24,-2.02,8.66,-0.41,-0.09,-0.09,33.06,0
16.45,-6.83,-4.74,4.41,-0.00,-0.12,-0.04,33.04,0
16.50,-6.29,-4.65,4.46,0.07,-0.24,-0.00,33.03,0
16.55,-6.30,-4.71,4.85,0.17,-0.19,-0.09,33.03,0
16.60,-6.14,-4.81,4.76,0.15,-0.11,-0.04,33.04,0
16.65,-6.14,-4.70,4.84,0.12,-0.09,0.00,33.06,0
16.70,-6.16,-4.68,4.85,0.03,0.02,0.04,33.07,0
16.75,-6.08,-4.68,4.74,0.03,-0.05,0.00,33.06,0
16.80,-6.22,-4.71,4.76,0.10,-0.03,-0.07,33.06,0
16.85,-6.11,-4.80,4.77,0.13,-0.03,-0.09,33.09,0
16.90,-6.13,-4.78,4.79,0.14,-0.04,-0.02,33.06,0
16.95,-6.11,-4.70,4.89,0.10,-0.02,-0.02,33.07,0
17.00,-6.11,-4.72,4.84,0.10,-0.03,-0.01,33.06,0
17.05,-6.11,-4.71,4.82,0.07,-0.01,-0.01,33.07,0
17.10,-6.13,-4.74,4.79,0.09,-0.02,-0.01,33.07,0
17.15,-6.18,-4.74,4.81,0.10,-0.02,-0.01,33.07,0
17.20,-6.15,-4.72,4.80,0.10,-0.02,-0.02,33.08,0
17.25,-6.11,-4.75,4.86,0.10,-0.02,-0.02,33.08,0
17.30,-6.15,-4.69,4.83,0.10,-0.01,-0.01,33.07,0
17.35,-6.24,-4.58,4.80,0.11,0.00,0.01,33.07,0
17.40,-6.21,-4.63,4.82,0.12,0.00,0.00,33.08,0
17.45,-6.12,-4.64,4.79,0.12,-0.02,-0.00,33.08,0
17.50,-6.17,-4.69,4.80,0.11,-0.03,-0.01,33.07,0
17.55,-6.22,-4.60,4.81,0.09,-0.01,-0.01,33.09,0
17.60,-6.18,-4.64,4.83,0.09,-0.02,-0.02,33.08,0
17.65,-6.19,-4.62,4.82,0.06,-0.00,-0.04,33.10,0
17.70,-6.21,-4.70,4.75,0.05,0.02,-0.05,33.09,0
17.75,-6.20,-4.72,4.78,0.06,0.01,-0.06,33.11,0
17.80,-6.20,-4.75,4.70,0.09,-0.00,-0.04,33.09,0
17.85,-6.20,-4.75,4.75,0.09,-0.01,-0.05,33.09,0
17.90,-6.15,-4.74,4.72,0.09,-0.02,-0.06,33.08,0
17.95,-6.12,-4.83,4.69,0.08,-0.01,-0.03,33.10,0
18.00,-6.14,-4.86,4.69,0.09,-0.02,-0.01,33.11,0
18.05,-6.17,-4.77,4.71,0.09,-0.01,-0.02,33.09,0
18.10,-6.18,-4.77,4.70,0.10,-0.03,-0.02,33.12,0
18.15,-6.17,-4.80,4.74,0.10,-0.02,-0.01,33.11,0
18.20,-6.20,-4.70,4.72,0.10,-0.02,-0.04,33.09,0
18.25,-6.14,-4.79,4.79,0.13,-0.06,-0.05,33.10,0
18.30,-6.14,-4.86,4.86,0.03,0.08,-0.06,33.10,0
18.35,-5.96,-5.29,5.97,0.05,1.26,0.23,33.12,0
18.40,-3.94,-8.75,9.49,0.42,0.75,-0.08,33.11,0
18.45,-1.23,-5.42,8.39,0.68,-0.66,-0.42,33.10,0
18.50,-5.23,-6.14,6.54,0.80,-1.35,-1.03,33.10,0
18.55,-7.77,-4.79,6.39,0.69,-1.43,-0.74,33.12,0
18.60,-6.55,-3.36,5.36,-0.34,-1.69,0.05,33.11,0
18.65,-5.36,-4.41,2.62,-0.16,-0.98,-0.17,33.11,0
18.70,-6.33,-3.33,3.38,0.49,0.21,-0.35,33.11,0
18.75,-7.18,-8.05,7.03,-0.71,1.82,1.03,33.12,0
18.80,-6.01,-4.59,5.76,-0.16,1.40,0.72,33.12,0
18.85,-6.90,-5.40,4.82,-0.14,0.85,0.39,33.11,0
18.90,-7.31,-4.87,4.83,-0.03,-0.10,0.06,33.13,0
18.95,-6.20,-5.01,4.62,-0.15,0.08,-0.08,33.12,0
19.00,-6.16,-5.20,4.63,-0.29,0.22,0.05,33.10,0
19.05,-6.24,-5.38,4.14,-0.05,0.17,0.27,33.12,0
19.10,-6.82,-4.85,4.36,0.34,0.33,0.37,33.12,0
19.15,-6.97,-4.76,4.38,0.35,0.71,0.59,33.13,0
19.20,-7.42,-4.45,4.42,0.07,1.34,0.88,33.11,0
19.25,-8.03,-5.00,4.38,-0.11,2.51,1.68,33.12,0
19.30,-8.44,-2.96,3.38,-0.70,4.23,2.88,33.14,0
19.35,-10.95,-0.51,-3.00,-0.55,4.02,1.53,33.10,0
19.40,-10.42,-1.21,-3.62,-0.94,2.57,1.03,33.11,0
19.45,-11.86,-2.67,0.12,0.51,-0.97,-0.37,33.12,0
19.50,-3.00,-3.76,3.66,0.25,-4.08,-1.75,33.13,0
19.55,-2.23,-5.94,3.84,1.22,-3.61,-1.85,33.14,0
19.60,-8.27,-6.90,4.54,1.35,-4.10,-3.18,33.14,0
19.65,-14.82,-7.40,5.08,0.56,-3.97,-2.51,33.14,51
19.70,-16.14,-3.57,3.63,0.66,-3.09,-2.81,33.14,20
19.75,-16.70,4.05,-9.95,-0.31,-0.89,-0.67,33.13,0
19.80,-4.38,-6.84,4.81,-0.05,2.27,1.38,33.12,0
19.85,-8.23,-7.13,4.64,-0.52,1.59,0.85,33.12,0
19.90,-8.22,-4.53,5.26,0.01,0.29,0.31,33.13,0
19.95,-6.36,-5.11,4.67,0.00,-0.01,-0.05,33.14,0
20.00,-5.89,-5.15,4.63,-0.04,-0.22,0.20,33.15,10
20.05,-6.08,-4.98,4.72,0.12,-0.10,0.10,33.13,18
20.10,-6.00,-5.11,4.81,0.17,0.10,0.20,33.14,0
20.15,-6.29,-5.10,5.36,0.25,0.61,0.54,33.14,0
20.20,-6.96,-5.27,6.37,-0.14,2.18,1.26,33.15,0
20.25,-7.22,-6.56,5.59,-0.26,4.37,3.20,33.14,0
20.30,-8.27,0.97,-0.94,-0.49,4.37,2.75,33.14,0
20.35,-11.11,-0.20,-3.93,0.56,4.28,1.32,33.16,0
20.40,-7.52,-2.77,-0.75,-0.61,2.33,0.11,33.15,11
20.45,-17.65,-7.33,-1.39,1.86,-4.37,-2.12,33.15,0
20.50,-7.02,-7.74,5.51,-0.03,-3.93,-1.59,33.17,0
20.55,-5.65,-6.38,5.54,1.01,-4.37,-2.72,33.13,0
20.60,-14.31,-6.81,6.59,0.49,-4.37,-2.48,33.16,22
20.65,-22.22,-5.29,0.97,0.45,-4.31,-2.53,33.12,0
20.70,-20.76,5.88,-12.40,0.28,-0.51,-0.77,33.16,0
20.75,-13.58,-6.09,6.90,-1.21,2.78,1.77,33.14,0
20.80,-9.98,-6.52,4.26,-0.10,1.18,0.68,33.14,0
20.85,-6.35,-4.79,4.73,-0.10,-0.02,0.03,33.17,0
20.90,-6.37,-5.05,4.51,-0.08,-0.19,0.13,33.14,0
20.95,-6.14,-5.00,4.49,0.11,-0.00,0.02,33.17,0
21.00,-6.10,-4.87,4.67,0.12,-0.11,0.17,33.14,0
21.05,-6.21,-4.97,4.71,0.18,0.16,0.25,33.17,0
21.10,-6.67,-4.44,5.54,0.28,0.75,0.58,33.17,0
21.15,-7.27,-4.82,6.16,-0.09,2.24,1.20,33.16,0
21.20,-7.37,-6.59,5.45,-0.17,4.37,3.20,33.16,0
21.25,-9.32,2.17,-0.04,-0.58,4.37,2.94,33.16,0
21.30,-11.85,0.26,-3.44,0.44,4.30,0.97,33.17,0
21.35,-11.90,-3.92,1.14,-1.24,-0.98,0.21,33.18,5
21.40,-10.41,-7.52,-1.05,1.25,-4.37,-2.16,33.17,0
21.45,-6.73,-7.15,4.83,1.17,-4.16,-2.88,33.16,0
21.50,-6.87,-6.42,5.22,0.77,-4.15,-2.59,33.18,31
21.55,-15.73,-5.83,6.71,0.21,-4.37,-2.38,33.17,72
21.60,-19.85,-3.68,0.83,0.25,-4.30,-1.75,33.18,16
21.65,-20.46,5.50,-15.10,0.89,0.36,-0.98,33.18,0
21.70,-12.87,-6.40,6.47,-0.80,2.73,1.50,33.19,0
21.75,-7.90,-5.56,4.88,-0.09,0.96,0.46,33.18,0
21.80,-7.12,-4.52,5.20,-0.06,0.20,0.08,33.16,0
21.85,-6.24,-5.04,4.59,0.05,-0.05,0.17,33.19,0
21.90,-6.22,-4.95,4.75,0.01,-0.02,0.11,33.19,17
21.95,-5.90,-4.98,4.80,0.10,-0.14,0.23,33.18,10
22.00,-5.90,-5.38,5.00,0.17,0.31,0.34,33.17,0
22.05,-6.60,-4.38,5.88,0.17,0.97,0.58,33.18,0
22.10,-7.42,-4.74,5.99,-0.18,2.65,1.47,33.19,0
22.15,-7.73,-5.16,3.98,-0.31,4.17,3.18,33.19,0
22.20,-9.57,0.90,-0.03,-0.61,4.37,2.54,33.20,0
22.25,-11.90,-0.71,-3.06,-0.18,3.67,1.04,33.21,0
22.30,-12.64,-6.79,1.74,-0.02,-1.31,-0.18,33.17,0
22.35,-2.42,-4.11,2.44,0.79,-4.37,-2.11,33.21,0
22.40,-4.86,-6.08,4.90,1.22,-4.37,-2.93,33.19,0
22.45,-11.40,-6.06,5.52,0.86,-4.37,-2.83,33.19,6
22.50,-13.48,-5.98,5.39,0.18,-4.01,-2.03,33.20,15
22.55,-17.00,-0.52,-3.95,-0.07,-3.17,-1.81,33.19,0
22.60,-9.07,2.17,-6.79,1.18,1.56,0.61,33.20,0
22.65,-13.03,-6.53,6.63,-0.83,2.58,1.28,33.20,0
22.70,-7.98,-5.53,4.60,-0.20,1.23,0.60,33.20,0
22.75,-6.99,-4.56,4.89,-0.21,-0.02,0.10,33.20,0
22.80,-6.16,-5.06,4.43,-0.20,-0.27,0.21,33.19,0
22.85,-6.51,-4.75,4.72,0.06,-0.06,0.03,33.22,0
22.90,-6.26,-5.06,4.57,0.11,0.11,0.05,33.20,0
22.95,-6.23,-5.13,4.76,0.16,0.38,0.30,33.20,0
23.00,-6.85,-4.86,5.12,0.02,1.15,0.70,33.20,0
23.05,-7.42,-5.70,6.26,-0.30,2.81,1.56,33.22,0
23.10,-8.66,-5.84,3.82,-0.78,4.37,3.66,33.22,0
23.15,-11.34,0.36,-1.86,-0.86,4.37,2.32,33.22,0
23.20,-6.98,-1.95,-1.37,0.03,3.26,1.07,33.22,0
23.25,-9.96,-4.30,1.31,0.05,-2.54,-0.48,33.22,0
23.30,-4.87,-3.72,3.58,1.23,-4.37,-2.32,33.20,0
23.35,-6.65,-5.94,4.17,1.38,-4.37,-2.98,33.22,0
23.40,-12.53,-6.96,5.16,0.40,-4.37,-2.41,33.24,42
23.45,-18.39,-5.24,3.47,0.07,-4.37,-2.74,33.22,44
23.50,-18.85,3.11,-9.76,-0.48,-2.16,-1.03,33.23,4
23.55,-4.26,-3.70,9.45,0.82,2.20,1.60,33.23,0
23.60,-10.31,-8.47,4.41,-0.41,2.20,0.99,33.22,0
23.65,-8.29,-3.76,5.53,-0.07,0.20,0.27,33.20,0
23.70,-6.32,-4.79,4.75,0.08,-0.05,0.21,33.23,0
23.75,-6.48,-4.55,4.68,0.14,-0.03,0.11,33.22,0
23.80,-6.24,-4.74,4.64,0.15,-0.07,0.10,33.25,45
23.85,-6.05,-4.94,4.85,0.18,0.16,0.23,33.24,0
23.90,-6.71,-4.14,5.86,0.32,0.87,0.69,33.24,0
23.95,-7.39,-5.19,7.30,-0.12,2.86,1.66,33.25,0
24.00,-7.49,-4.19,3.99,-0.31,4.37,3.65,33.24,0
24.05,-10.08,2.08,-2.15,-0.44,4.37,2.03,33.24,0
24.10,-10.81,-0.32,-4.73,0.43,3.07,0.81,33.24,0
24.15,-11.46,-5.18,0.27,-0.49,-1.31,0.26,33.24,0
24.20,-4.96,-6.41,4.12,0.64,-4.37,-1.85,33.24,0
24.25,-3.94,-5.81,7.33,0.84,-4.17,-3.04,33.24,0
24.30,-10.13,-4.70,6.18,0.89,-4.37,-3.03,33.24,0
24.35,-16.59,-6.74,4.92,0.58,-4.37,-2.67,33.24,13
24.40,-21.09,-1.03,-3.79,0.99,-3.29,-2.56,33.25,0
24.45,-15.23,3.30,-7.45,0.49,1.14,1.10,33.28,0
24.50,-14.80,-7.22,6.30,-0.94,2.61,1.36,33.27,0
24.55,-8.83,-4.32,5.20,0.02,0.89,0.68,33.25,0
24.60,-6.33,-4.51,5.04,-0.08,0.05,0.21,33.26,0
24.65,-6.35,-4.63,4.63,-0.02,-0.14,0.21,33.26,4
24.70,-6.40,-4.51,4.73,0.15,0.01,0.10,33.26,48
24.75,-6.54,-4.27,5.02,0.18,0.37,0.27,33.25,0
24.80,-6.79,-4.46,5.53,0.15,0.99,0.57,33.27,0
24.85,-7.55,-5.09,6.41,-0.24,2.75,1.47,33.25,0
24.90,-8.03,-6.45,6.27,-0.96,4.37,3.75,33.26,0
24.95,-10.38,1.59,-2.43,-1.72,4.37,2.29,33.28,0
25.00,-8.16,-2.03,-4.42,-0.39,2.62,0.63,33.28,0
25.05,-6.59,-1.26,-1.25,0.06,-1.67,0.20,33.27,23
25.10,-11.35,-6.46,0.47,1.39,-3.42,-1.92,33.26,0
25.15,-3.15,-5.92,2.57,1.84,-4.37,-2.17,33.25,0
25.20,-8.81,-7.47,5.12,0.99,-4.23,-3.13,33.27,0
25.25,-12.70,-5.73,5.89,0.12,-4.16,-2.30,33.24,6
25.30,-16.41,-4.67,2.46,-0.19,-3.63,-1.91,33.24,0
25.35,-18.33,4.85,-12.43,-0.12,-0.53,-0.43,33.26,0
25.40,-10.60,-0.99,9.74,-0.50,3.60,1.61,33.28,0
25.45,-8.95,-6.86,4.09,-0.24,1.53,0.67,33.26,0
25.50,-6.43,-4.62,4.99,-0.14,0.12,-0.01,33.26,0
25.55,-5.89,-5.43,4.30,-0.20,-0.17,0.15,33.26,0
25.60,-6.28,-4.94,4.53,-0.06,-0.37,0.20,33.28,0
25.65,-6.10,-4.99,4.75,0.08,0.06,0.12,33.28,13
25.70,-6.23,-5.28,5.04,0.07,0.54,0.36,33.28,0
25.75,-6.90,-5.36,5.75,-0.25,1.65,0.81,33.26,0
25.80,-7.13,-5.93,6.54,-0.66,3.87,2.14,33.27,0
25.85,-11.29,-4.42,1.72,-1.47,4.37,3.66,33.28,0
25.90,-9.96,-0.22,-2.83,-2.39,4.37,1.43,33.29,0
25.95,-9.42,-0.13,-4.59,1.00,0.19,-0.08,33.27,0
26.00,-8.00,-1.03,-5.12,-0.19,0.24,0.52,33.27,4
26.05,-8.88,-3.16,-2.49,1.21,-1.62,-0.30,33.28,0
26.10,-10.62,-8.60,2.97,2.11,-3.91,-1.38,33.29,0
26.15,-5.56,-7.39,5.22,1.43,-4.37,-2.55,33.28,10
26.20,-11.44,-6.67,7.32,1.31,-4.37,-3.25,33.29,44
26.25,-19.72,-4.11,5.00,0.30,-4.37,-1.48,33.30,0
26.30,-21.96,5.65,-17.76,0.51,-1.21,-0.24,33.29,0
26.35,-15.83,-10.29,5.22,-0.62,2.77,1.32,33.29,0
26.40,-8.48,-4.58,5.73,-0.36,0.28,0.16,33.28,0
26.45,-6.60,-4.42,5.12,-0.26,-0.06,-0.07,33.29,0
26.50,-6.02,-4.97,4.53,-0.00,-0.01,0.10,33.29,0
26.55,-6.20,-5.07,4.74,0.12,0.09,0.31,33.28,22
26.60,-6.60,-4.43,5.81,0.09,0.68,0.61,33.30,0
26.65,-7.10,-4.51,4.63,-0.17,1.77,0.93,33.28,0
26.70,-7.75,-4.89,4.73,-0.33,2.87,1.68,33.30,0
26.75,-9.94,-3.80,3.87,-1.17,4.37,2.97,33.29,0
26.80,-11.30,-2.03,-2.58,-1.53,4.37,1.94,33.28,0
26.85,-8.42,-8.22,-2.28,-0.38,2.24,0.51,33.29,0
26.90,-8.60,-0.29,-2.43,-0.37,-1.52,-0.34,33.29,0
26.95,-4.67,-5.58,4.96,0.95,-4.26,-1.81,33.29,0
27.00,-5.96,-6.58,5.04,1.32,-4.07,-2.64,33.29,0
27.05,-10.97,-6.87,4.58,1.71,-4.01,-3.05,33.28,28
27.10,-16.12,-8.15,2.83,1.69,-4.37,-2.82,33.27,18
27.15,-19.49,0.32,-6.03,0.43,-2.64,-2.40,33.29,0
27.20,-12.96,-0.10,-0.58,0.86,1.41,2.79,33.28,0
27.25,-10.52,-7.00,5.07,-0.64,2.40,1.29,33.32,0
27.30,-7.29,-5.70,4.64,-0.43,0.18,-0.04,33.31,0
27.35,-6.45,-4.96,4.87,-0.43,0.25,0.07,33.29,0
27.40,-6.48,-5.28,4.29,-0.33,0.41,0.25,33.31,19
27.45,-6.45,-5.65,3.52,-0.14,0.33,0.73,33.28,0
27.50,-7.05,-4.77,4.03,-0.13,0.87,0.51,33.31,0
27.55,-7.71,-5.00,3.80,-0.03,1.50,1.08,33.32,0
27.60,-7.93,-5.25,5.20,-0.34,3.24,1.70,33.31,0
27.65,-12.79,-5.45,2.38,-1.34,4.37,2.93,33.31,0
27.70,-11.94,-5.18,-3.54,-1.15,4.37,2.11,33.31,0
27.75,-7.35,0.71,-2.25,-0.49,-0.65,-0.36,33.29,0
27.80,-10.86,-6.66,0.49,1.31,-3.63,-0.82,33.32,0
27.85,-6.34,-8.42,2.84,1.30,-4.37,-1.62,33.31,28
27.90,-9.06,-10.35,4.58,1.65,-4.37,-3.21,33.32,0
27.95,-14.61,-8.90,3.93,1.17,-4.37,-3.58,33.30,15
28.00,-19.18,-4.19,-0.24,0.96,-3.65,-3.47,33.32,0
28.05,-16.70,1.09,-9.35,-0.03,-0.39,0.23,33.32,0
28.10,-17.43,-3.03,9.48,-0.85,3.25,1.88,33.32,0
28.15,-9.96,-7.41,4.08,0.02,1.35,0.81,33.32,0
28.20,-6.29,-4.74,5.07,-0.05,-0.03,0.14,33.32,0
28.25,-5.90,-5.30,4.55,-0.10,-0.13,0.15,33.32,0
28.30,-6.21,-4.98,4.63,0.24,0.13,0.19,33.32,35
28.35,-6.49,-4.48,5.15,0.32,0.47,0.47,33.33,0
28.40,-6.92,-4.76,5.58,0.03,1.44,0.76,33.34,0
28.45,-7.59,-5.13,5.95,-0.29,3.14,1.70,33.33,0
28.50,-10.85,-5.85,5.22,-1.14,4.37,3.70,33.33,0
28.55,-10.34,-1.83,-0.77,-1.90,4.37,2.17,33.32,0
28.60,-9.45,-1.70,-1.91,1.34,0.51,-0.34,33.33,0
28.65,-9.85,-4.73,0.06,0.47,-1.75,-0.21,33.33,0
28.70,-4.30,-4.30,2.42,1.19,-4.37,-1.77,33.33,0
28.75,-6.83,-8.78,3.43,1.73,-4.18,-2.74,33.34,0
28.80,-10.04,-9.84,4.10,1.39,-4.04,-3.34,33.34,0
28.85,-19.04,-7.11,0.58,0.14,-3.40,-3.13,33.33,2
28.90,-20.38,1.76,-10.42,-0.44,-0.41,-0.87,33.32,0
28.95,-9.60,8.02,9.00,1.38,2.59,-0.03,33.35,0
29.00,-9.22,-5.55,3.96,0.20,0.59,0.46,33.36,0
29.05,-6.39,-4.79,5.25,0.18,0.14,0.52,33.36,0
29.10,-6.64,-5.23,4.56,0.22,0.31,-0.09,33.36,0
29.15,-6.75,-6.88,8.53,0.15,1.97,1.56,33.36,59
29.20,-7.86,-5.24,5.21,-0.87,3.95,3.05,33.35,0
29.25,-9.35,-3.73,2.59,-2.04,4.37,3.34,33.36,0
29.30,-13.99,-11.91,9.63,-0.74,1.28,0.28,33.38,0
29.35,-4.85,-1.50,8.36,-1.67,-1.91,-2.56,33.37,1
29.40,-10.98,-1.95,7.21,-2.80,-4.37,-3.00,33.37,65
29.45,-12.18,0.94,8.94,-2.82,-4.37,-3.22,33.36,17
29.50,-13.69,8.04,-9.82,-4.37,-1.92,0.50,33.36,0
29.55,-8.80,3.32,10.37,1.36,-2.52,-1.79,33.36,0
29.60,-6.68,-6.11,5.77,-0.10,0.46,-0.16,33.36,0
29.65,-7.14,-6.21,4.74,-0.10,0.55,0.72,33.36,0
29.70,-7.36,-6.35,4.43,-0.56,2.49,1.81,33.36,18
29.75,-8.12,-4.07,-0.99,-1.45,2.56,1.50,33.37,20
29.80,-10.00,-3.73,0.66,-3.16,2.34,0.08,33.37,0
29.85,-17.95,-9.45,7.41,-4.37,1.78,-0.60,33.37,0
29.90,-5.04,1.34,9.03,-3.76,-3.33,-0.87,33.36,25
29.95,-10.33,3.38,4.58,-4.37,-4.37,-0.86,33.36,164
30.00,-11.15,1.85,-0.93,-3.54,-3.87,-1.93,33.37,0
30.05,-33.07,-0.85,-15.58,-2.34,0.44,0.14,33.36,0
30.10,-7.71,-6.88,3.56,0.71,-1.27,-0.20,33.38,0
30.15,-8.05,-5.45,4.60,0.06,-0.01,0.08,33.38,0
30.20,-8.12,-5.64,6.52,-0.32,1.82,1.08,33.39,44
30.25,-11.58,-4.21,5.61,-1.21,4.37,2.82,33.36,72
30.30,-11.25,-0.22,5.27,1.31,4.37,0.92,33.36,0
30.35,-16.23,-3.96,5.60,-3.97,-2.00,-0.80,33.36,0
30.40,-6.08,-6.51,6.91,-0.61,-2.74,0.04,33.38,21
30.45,-7.13,-7.66,2.13,-0.17,-4.37,-2.04,33.37,0
30.50,-10.24,-5.74,4.08,0.09,-4.37,-3.97,33.36,0
30.55,-24.56,2.37,-7.35,0.35,-4.37,-3.81,33.35,0
30.60,-44.92,16.47,-37.24,0.55,3.95,0.02,33.36,0
30.65,-8.15,-4.95,5.18,0.53,0.39,0.63,33.40,0
30.70,-7.18,-5.93,6.52,0.29,1.02,0.32,33.40,0
30.75,-6.69,-8.39,11.30,-0.41,4.37,3.66,33.38,157
30.80,-9.15,-3.23,8.40,1.65,4.37,3.16,33.40,0
30.85,-6.79,-1.98,8.83,-1.25,-0.05,0.33,33.39,0
30.90,-9.83,-8.14,7.62,-0.44,-2.76,-1.11,33.39,0
30.95,-6.38,-5.04,5.08,-0.47,-4.37,-2.37,33.38,0
31.00,-12.07,-4.02,4.20,-0.50,-4.37,-2.61,33.39,11
31.05,-21.27,1.32,-3.76,0.03,-4.37,-4.32,33.40,0
31.10,-29.21,6.95,-23.21,0.73,-0.08,-1.34,33.40,0
31.15,-16.74,-3.39,6.77,1.24,0.52,2.35,33.38,0
31.20,-7.49,-5.40,4.98,0.01,0.51,0.15,33.40,0
31.25,-6.12,-7.95,14.17,-0.10,4.37,2.46,33.39,122
31.30,-11.33,-3.44,8.64,0.88,4.37,3.02,33.38,0
31.35,-14.48,-1.44,9.53,0.00,4.17,1.05,33.39,0
31.40,-10.92,-15.09,8.63,-0.91,-2.90,0.90,33.40,0
31.45,-5.24,-10.19,5.55,0.19,-4.37,-2.26,33.39,0
31.50,-12.17,-8.20,5.09,0.36,-4.37,-4.26,33.42,39
31.55,-24.02,-1.58,-1.01,-0.07,-4.37,-4.37,33.41,0
31.60,-27.44,9.13,-21.85,0.45,-0.84,-2.55,33.41,0
31.65,-29.43,-17.65,-0.21,0.52,2.57,3.98,33.42,12
31.70,-7.38,-4.72,5.05,-0.10,0.52,0.19,33.39,0
31.75,-6.70,-7.37,12.74,-0.18,3.76,1.87,33.38,53
31.80,-10.62,-5.09,8.45,-0.04,4.37,3.26,33.40,3
31.85,-14.83,-2.26,9.64,0.08,4.37,1.28,33.42,0
31.90,-13.04,-13.69,9.37,-1.75,-2.16,0.32,33.41,67
31.95,-6.95,-8.58,6.14,-0.06,-4.18,-1.24,33.42,85
32.00,-12.26,-8.67,4.55,0.45,-4.37,-3.41,33.40,0
32.05,-22.63,-5.37,0.00,0.17,-4.37,-4.28,33.42,0
32.10,-27.05,8.71,-20.11,0.37,-0.81,-2.36,33.41,0
32.15,-28.05,-19.72,-2.03,0.12,2.46,3.51,33.43,0
32.20,-7.29,-5.31,5.17,0.12,0.53,-0.05,33.42,0
32.25,-7.00,-6.69,12.65,0.20,3.75,2.12,33.40,22
32.30,-10.21,-4.40,9.23,1.22,4.37,3.69,33.43,77
32.35,-15.07,-1.97,8.72,1.49,4.37,0.87,33.44,0
32.40,-11.51,-9.41,8.49,-3.47,-0.87,0.56,33.42,11
32.45,-4.78,-9.76,6.84,-0.96,-4.03,-1.42,33.43,8
32.50,-10.58,-7.68,4.33,0.57,-4.37,-4.04,33.44,0
32.55,-22.35,-4.11,2.04,0.25,-4.37,-4.37,33.44,0
32.60,-32.61,9.71,-21.55,-0.42,-1.89,-2.46,33.44,0
32.65,-5.41,-8.80,6.08,-0.48,2.90,3.61,33.43,20
32.70,-7.99,-4.08,4.95,-0.13,0.68,-0.13,33.46,0
32.75,-6.96,-6.39,11.54,-0.41,3.01,1.59,33.44,10
32.80,-11.46,-6.40,7.38,-0.36,4.37,3.01,33.43,57
32.85,-13.12,-5.18,10.82,1.58,4.37,0.97,33.44,0
32.90,-12.33,-12.57,11.07,-3.63,-1.60,1.85,33.43,0
32.95,-4.78,-16.71,6.21,0.71,-3.82,0.08,33.44,49
33.00,-10.48,-11.15,1.83,1.05,-4.37,-3.98,33.44,0
33.05,-18.27,-8.53,-1.87,1.30,-4.37,-4.37,33.45,0
33.10,-30.15,7.62,-19.31,-0.75,-1.42,-2.86,33.44,0
33.15,-9.05,-10.31,5.54,0.01,2.36,3.72,33.45,0
33.20,-7.17,-5.09,4.78,0.03,0.57,-0.11,33.45,0
33.25,-7.07,-7.09,12.58,0.05,3.22,1.84,33.45,80
33.30,-10.79,-5.99,9.31,0.23,4.37,3.90,33.44,48
33.35,-10.76,-5.62,14.57,1.19,3.44,0.00,33.46,0
33.40,-11.23,-10.03,13.19,-1.78,-0.34,1.57,33.46,0
33.45,-4.66,-9.42,7.67,-0.98,-2.62,-0.86,33.44,43
33.50,-9.52,-4.51,6.22,-0.68,-4.37,-3.75,33.44,20
33.55,-21.71,1.40,2.15,-0.14,-4.37,-4.34,33.45,0
33.60,-27.38,9.50,-20.43,-0.25,-1.13,-3.13,33.46,0
33.65,-15.30,-17.36,3.47,1.13,2.46,4.07,33.47,0
33.70,-7.97,-5.13,4.61,-0.26,0.89,0.13,33.48,0
33.75,-6.70,-8.73,13.62,-0.12,4.37,2.72,33.47,129
33.80,-14.60,-3.99,6.76,0.65,4.37,2.24,33.48,0
33.85,-8.24,0.17,12.96,0.37,3.15,0.14,33.46,0
33.90,-8.28,-12.17,9.94,-1.99,-1.84,2.52,33.47,93
33.95,-5.34,-9.45,6.73,-0.27,-4.37,-1.85,33.47,0
34.00,-15.06,-7.45,6.88,-0.36,-4.37,-3.86,33.46,0
34.05,-25.34,2.80,-3.97,-0.62,-4.37,-4.37,33.47,0
34.10,-21.97,4.44,-16.38,0.92,0.99,-1.82,33.48,0
34.15,-14.03,-2.53,7.40,1.12,0.35,2.10,33.48,0
34.20,-8.05,-6.34,7.19,0.35,1.13,0.72,33.46,0
34.25,-9.63,-7.56,12.22,0.15,4.37,4.00,33.48,185
34.30,-7.61,-5.15,7.56,4.14,4.37,1.60,33.47,0
34.35,-8.41,-3.71,10.53,-1.85,-0.30,0.11,33.47,0
34.40,-10.28,-9.52,6.22,-1.37,-3.74,0.17,33.47,92
34.45,-10.12,-7.11,6.60,-0.02,-4.37,-2.89,33.48,0
34.50,-10.41,-6.44,3.17,-0.03,-4.04,-3.73,33.45,0
34.55,-18.87,13.05,-18.49,-1.17,-1.16,-1.43,33.47,0
34.60,-54.75,15.71,-33.72,2.39,-1.54,-0.79,33.47,0
34.65,-6.24,-6.43,4.83,0.40,0.52,-0.07,33.47,0
34.70,-7.83,-5.82,9.84,0.20,2.09,1.73,33.48,0
34.75,-9.97,-3.79,11.66,-0.30,4.37,3.25,33.48,113
34.80,-4.74,-1.85,7.34,2.27,4.37,1.35,33.50,0
34.85,-11.09,-4.63,5.99,-1.67,-1.24,0.23,33.49,0
34.90,-8.08,-7.67,2.84,-0.88,-3.69,-0.47,33.49,0
34.95,-8.39,-5.90,1.18,0.36,-4.37,-2.21,33.49,0
35.00,-7.44,-5.14,1.08,1.01,-3.18,-3.81,33.49,15
35.05,-33.52,3.33,-21.46,1.34,-0.95,-1.64,33.49,0
35.10,-7.31,-3.28,1.47,0.49,-0.06,-0.72,33.50,0
35.15,-7.58,-6.56,6.73,0.36,-0.02,-0.07,33.49,0
35.20,-7.67,-5.31,5.65,-0.20,1.94,1.65,33.51,0
35.25,-9.45,-1.77,4.29,-0.16,3.65,2.17,33.51,0
35.30,-9.57,-1.70,2.83,-1.28,4.37,1.22,33.49,0
35.35,-18.92,-10.27,5.17,-2.84,3.75,0.24,33.51,0
35.40,-5.37,-2.21,5.00,-1.02,-2.46,-0.85,33.52,0
35.45,-9.10,-0.09,0.57,-0.58,-4.27,-2.25,33.50,13
35.50,-14.31,0.39,-5.54,-0.78,-4.13,-1.73,33.50,44
35.55,-13.62,2.04,-12.44,0.23,0.26,-1.53,33.51,0
35.60,-10.06,3.14,-3.02,0.83,-0.77,0.40,33.52,0
35.65,-9.03,-4.37,6.95,0.67,-0.52,-0.33,33.51,0
35.70,-8.91,-4.86,4.05,-0.08,1.57,0.90,33.51,17
35.75,-10.80,-5.44,9.71,0.22,4.37,3.88,33.52,0
35.80,-13.36,-2.66,2.87,1.17,4.37,1.80,33.51,0
35.85,-14.61,-0.42,5.89,-1.42,0.65,-1.08,33.52,0
35.90,-6.44,-7.53,7.74,-0.22,-2.91,0.22,33.50,31
35.95,-7.09,-9.16,5.83,0.32,-4.37,-2.75,33.52,0
36.00,-15.40,-4.64,6.54,-0.97,-4.37,-4.02,33.52,0
36.05,-34.51,6.28,-13.30,0.78,-4.37,-4.10,33.52,0
36.10,-29.59,9.93,-30.03,-0.50,4.31,0.12,33.52,0
36.15,-9.77,-4.06,6.74,0.70,0.58,1.00,33.51,0
36.20,-7.31,-6.00,5.71,0.23,0.77,0.11,33.52,0
36.25,-6.54,-9.66,13.58,-0.17,4.37,4.16,33.54,150
36.30,-8.94,-1.12,10.66,3.00,4.37,1.71,33.52,0
36.35,-13.38,-4.43,5.91,-2.81,-0.98,0.23,33.54,0
36.40,-9.70,-9.15,7.18,-0.20,-3.09,-0.27,33.52,0
36.45,-7.88,-7.49,5.17,-0.04,-4.37,-3.20,33.53,0
36.50,-13.98,-5.30,7.99,0.49,-4.37,-4.37,33.53,0
36.55,-32.00,3.45,-14.31,-0.81,-4.37,-2.89,33.53,0
36.60,-34.96,17.22,-39.38,-0.66,4.37,-0.11,33.53,0
36.65,-9.84,-3.36,6.04,0.35,0.68,0.54,33.55,0
36.70,-7.72,-6.51,9.89,0.44,1.47,0.95,33.53,0
36.75,-10.62,-6.66,11.54,0.41,4.37,4.11,33.52,158
36.80,-12.25,-3.42,6.71,4.07,4.37,0.82,33.53,0
36.85,-10.32,-6.70,9.68,-4.37,-0.27,1.14,33.55,0
36.90,-7.02,-10.05,9.18,-1.07,-3.13,-0.49,33.56,0
36.95,-11.46,-6.27,5.33,-0.43,-4.37,-4.03,33.54,0
37.00,-22.72,-3.49,6.27,-0.56,-4.37,-4.37,33.55,9
37.05,-34.93,7.38,-21.14,0.89,-2.99,-3.13,33.54,23
37.10,-16.23,-28.50,2.29,-0.94,4.37,4.37,33.56,0
37.15,-8.56,-3.53,5.54,0.25,0.86,-0.01,33.58,0
37.20,-7.64,-6.06,10.08,0.31,1.44,1.25,33.57,0
37.25,-10.24,-6.69,10.96,-0.14,4.37,4.04,33.55,101
37.30,-5.12,-3.28,6.13,2.24,4.37,2.11,33.56,0
37.35,-16.47,-4.30,8.61,-3.20,0.02,0.84,33.56,0
37.40,-14.35,-14.74,7.87,-0.21,-2.77,-0.96,33.54,0
37.45,-9.80,-7.29,5.56,1.16,-4.37,-4.37,33.57,0
37.50,-14.94,-7.20,11.81,0.52,-4.37,-4.37,33.55,29
37.55,-43.72,1.00,-16.08,-0.26,-4.15,-2.70,33.57,6
37.60,-44.08,-11.96,20.23,-0.77,4.37,4.37,33.57,0
37.65,-9.06,-4.58,5.36,0.18,0.74,0.70,33.56,0
37.70,-7.97,-4.56,11.90,0.40,3.63,2.20,33.59,0
37.75,-9.20,-4.91,10.28,0.49,4.37,4.37,33.58,93
37.80,-8.15,-7.33,-0.67,3.68,4.37,1.32,33.57,0
37.85,-11.27,-6.95,-1.42,-3.25,1.42,1.72,33.57,0
37.90,-10.31,-8.00,3.71,-1.04,-0.08,-0.61,33.55,0
37.95,-11.48,-5.77,2.81,2.26,-4.37,-4.37,33.56,50
38.00,-15.64,-0.17,5.93,0.61,-4.37,-4.37,33.56,18
38.05,-37.86,3.31,-12.77,0.41,-4.37,-2.71,33.56,0
38.10,-27.56,17.10,-33.01,-0.25,4.37,-1.16,33.54,0
38.15,-11.59,-2.41,8.06,0.61,0.64,1.34,33.56,0
38.20,-7.41,-6.20,8.03,0.11,1.21,0.51,33.58,22
38.25,-5.59,-8.50,10.38,-0.49,4.37,4.16,33.56,100
38.30,-13.68,-2.26,7.66,1.41,4.37,2.57,33.57,0
38.35,-17.16,1.72,-0.07,-2.14,-0.87,1.07,33.58,0
38.40,-15.29,-16.18,1.37,-0.97,0.21,1.57,33.57,0
38.45,-7.03,-5.60,6.08,1.44,-4.37,-4.37,33.58,24
38.50,-11.28,-3.39,5.80,-0.09,-4.37,-4.37,33.55,44
38.55,-37.16,4.27,-11.12,-0.00,-4.37,-4.37,33.59,6
38.60,-45.80,-9.93,21.03,-0.33,4.37,4.37,33.58,0
38.65,-7.92,-3.93,5.62,-0.02,1.06,-0.25,33.57,0
38.70,-7.56,-6.07,11.17,-0.12,2.98,1.68,33.58,11
38.75,-9.53,-5.60,9.14,0.49,4.37,4.37,33.59,17
38.80,-9.49,-1.23,-1.04,1.81,4.37,1.62,33.59,0
38.85,-12.47,-7.44,-2.98,-2.14,3.95,1.17,33.59,0
38.90,-15.64,-8.71,3.16,-1.25,-1.54,-0.55,33.59,0
38.95,-6.68,-5.94,3.49,1.85,-4.37,-3.53,33.59,0
39.00,-15.22,-2.46,5.21,0.05,-4.37,-4.37,33.61,37
39.05,-37.24,4.81,-19.54,-0.72,-4.37,-4.37,33.59,0
39.10,-40.55,-26.89,-14.20,0.12,4.37,4.37,33.59,0
39.15,-8.54,-2.56,6.31,0.32,1.15,-0.17,33.60,0
39.20,-7.70,-6.11,10.33,-0.24,3.07,1.69,33.60,16
39.25,-11.27,-6.12,8.94,-0.15,4.37,4.37,33.61,50
39.30,-8.33,-2.54,0.37,2.01,4.37,1.01,33.59,0
39.35,-16.61,-5.09,0.70,-3.62,-1.06,1.34,33.60,0
39.40,-9.95,-14.25,5.46,0.06,-1.11,0.32,33.60,0
39.45,-6.75,-5.27,3.91,0.41,-4.37,-4.14,33.62,39
39.50,-20.38,-3.30,3.63,-0.29,-4.37,-4.37,33.61,0
39.55,-37.49,5.67,-17.79,-0.46,-4.37,-4.37,33.62,0
39.60,-19.29,15.72,-21.69,-0.17,4.37,-0.02,33.62,0
39.65,-11.22,-1.95,7.62,0.73,0.82,0.97,33.63,0
39.70,-7.84,-6.16,7.31,0.02,1.17,0.62,33.62,4
39.75,-6.14,-9.09,11.35,-0.40,4.37,4.37,33.62,16
39.80,-11.55,-3.38,4.42,0.78,4.37,2.36,33.64,0
39.85,-11.21,3.23,1.54,-2.94,1.88,1.30,33.63,0
39.90,-21.18,-10.60,3.24,-0.30,-0.31,-1.61,33.62,87
39.95,-3.28,-3.76,5.06,0.60,-4.37,-3.87,33.60,0
40.00,-14.44,-2.30,7.34,-0.48,-4.37,-4.37,33.61,0
40.05,-37.87,2.56,-19.02,0.39,-4.37,-3.25,33.61,0
40.10,-32.51,14.50,-31.71,-0.27,4.37,0.09,33.62,0
40.15,-9.64,-3.27,7.01,0.52,0.85,0.56,33.61,0
40.20,-7.82,-6.92,9.85,0.17,1.80,1.17,33.62,19
40.25,-7.64,-7.93,10.89,-0.40,4.37,4.37,33.63,33
40.30,-10.45,-6.43,7.76,1.46,4.37,1.99,33.62,0
40.35,-15.32,-2.94,2.32,-2.81,-0.85,1.05,33.61,0
40.40,-11.85,-11.11,7.62,1.40,-3.75,-1.47,33.64,0
40.45,-8.18,-6.70,4.59,0.42,-4.37,-3.50,33.64,61
40.50,-23.72,-5.82,2.85,-0.38,-4.37,-4.37,33.64,39
40.55,-39.75,8.47,-26.92,0.27,-3.22,-3.33,33.64,0
40.60,-35.25,-13.46,16.11,-0.96,4.37,4.37,33.62,0
40.65,-9.20,-2.93,5.36,0.00,1.16,-0.04,33.64,0
40.70,-7.66,-6.25,11.54,0.01,3.36,1.85,33.62,0
40.75,-13.30,-4.64,8.09,0.16,4.37,4.37,33.64,0
40.80,-11.13,-1.41,4.71,1.70,4.37,1.45,33.62,0
40.85,-15.22,-6.24,1.26,-3.87,-2.19,0.51,33.65,0
40.90,-11.34,-13.97,5.11,-0.70,-3.02,0.80,33.62,0
40.95,-12.06,-9.37,3.13,1.15,-4.37,-4.37,33.62,32
41.00,-23.33,-5.77,3.95,0.78,-4.37,-4.37,33.67,19
41.05,-34.38,5.80,-25.90,0.52,-4.37,-2.52,33.65,0
41.10,-13.79,-16.04,-4.23,0.22,4.37,1.62,33.66,0
41.15,-8.60,-3.09,5.99,0.05,1.18,-0.03,33.66,0
41.20,-7.89,-6.69,11.71,0.10,2.59,1.46,33.67,13
41.25,-12.20,-5.21,9.91,0.54,4.37,4.16,33.67,19
41.30,-7.01,-0.71,6.39,1.32,4.37,0.98,33.66,0
41.35,-13.92,-4.81,1.95,-4.37,-1.47,0.57,33.66,0
41.40,-12.22,-15.39,4.93,0.12,-3.29,0.99,33.65,0
41.45,-9.31,-8.72,3.00,0.60,-4.37,-4.14,33.64,79
41.50,-22.79,-6.51,1.87,0.70,-4.37,-4.37,33.67,0
41.55,-35.49,5.75,-23.60,0.65,-4.37,-4.19,33.65,0
41.60,-39.85,-19.01,16.55,-0.25,4.37,4.37,33.66,0
41.65,-8.95,-3.23,5.60,0.02,1.07,0.03,33.65,0
41.70,-7.81,-6.45,10.25,0.12,2.35,1.40,33.66,0
41.75,-8.60,-7.82,10.12,-0.22,4.37,4.37,33.65,61
41.80,-9.48,-6.08,6.56,3.03,4.37,1.46,33.68,0
41.85,-14.41,-2.54,3.89,-4.31,-0.68,0.17,33.67,0
41.90,-11.37,-13.65,3.89,-0.28,-4.37,1.21,33.67,0
41.95,-7.44,-8.55,5.25,0.77,-4.37,-4.37,33.68,39
42.00,-21.08,-4.94,7.26,0.64,-4.37,-4.37,33.68,0
42.05,-38.37,5.06,-23.59,0.24,-4.37,-3.39,33.67,0
42.10,-42.37,-22.61,12.43,-0.66,4.37,4.37,33.67,0
42.15,-8.75,-2.84,5.64,0.06,0.82,-0.08,33.67,0
42.20,-7.65,-5.66,9.80,0.24,1.70,1.08,33.67,0
42.25,-8.12,-6.12,10.19,-0.38,4.37,3.59,33.68,89
42.30,-9.99,-3.23,9.00,1.83,4.37,1.22,33.70,0
42.35,-14.43,-4.43,9.42,-2.77,0.14,0.32,33.68,0
42.40,-7.24,-11.05,6.42,-1.21,-4.37,1.12,33.65,0
42.45,-8.05,-8.64,3.61,-0.39,-4.37,-3.93,33.68,0
42.50,-19.40,-6.86,5.95,1.08,-4.37,-4.37,33.68,0
42.55,-35.68,7.89,-21.25,-0.53,-4.37,-2.94,33.70,0
42.60,-17.02,-6.25,-17.23,0.91,4.37,2.55,33.71,51
42.65,-9.74,-2.20,6.34,0.23,0.98,0.07,33.69,0
42.70,-8.16,-5.41,8.06,0.28,1.50,1.06,33.69,0
42.75,-6.77,-7.80,9.41,0.10,4.37,3.63,33.69,51
42.80,-13.34,-2.72,6.39,2.13,4.37,2.70,33.68,0
42.85,-18.40,-6.35,6.16,-2.01,3.91,0.39,33.71,0
42.90,-8.43,-9.68,6.19,-0.84,-4.37,-0.31,33.67,0
42.95,-8.71,-6.06,4.63,-0.40,-4.37,-4.37,33.69,13
43.00,-20.53,-4.12,3.39,0.33,-4.37,-4.37,33.69,29
43.05,-34.03,7.83,-17.83,-1.41,-4.37,-2.73,33.70,0
43.10,-25.45,-15.80,3.32,2.41,2.43,4.37,33.71,0
43.15,-9.13,-3.87,5.10,-0.26,1.15,-0.43,33.72,1
43.20,-7.64,-5.93,7.21,0.08,1.03,0.70,33.69,7
43.25,-6.29,-7.49,7.75,-0.28,4.37,3.13,33.72,0
43.30,-15.63,-3.75,2.99,0.15,4.37,2.45,33.72,0
43.35,-9.65,-4.27,7.94,-1.64,2.97,0.68,33.71,0
43.40,-6.39,-4.13,10.36,-2.03,-1.16,0.41,33.72,120
43.45,-5.36,-3.19,8.24,-2.45,-4.37,-3.58,33.71,0
43.50,-15.93,-1.50,12.05,-1.85,-4.37,-4.37,33.73,0
43.55,-25.63,13.58,-6.83,-3.78,-4.37,-0.51,33.71,0
43.60,-53.34,-15.69,-34.93,-1.82,1.23,1.84,33.71,2
43.65,-8.22,-1.12,12.28,0.56,-0.21,-0.01,33.70,0
43.70,-7.54,-6.75,3.02,-0.63,1.61,0.70,33.74,45
43.75,-6.77,-6.95,5.96,-1.07,3.87,2.91,33.73,82
43.80,-12.53,-6.08,-0.11,-2.12,4.37,1.72,33.72,0
43.85,-15.50,-7.01,5.75,-2.02,2.63,-0.56,33.72,0
43.90,-12.67,-8.55,8.65,-1.85,-0.66,0.80,33.73,61
43.95,-4.07,-0.78,7.96,-1.75,-4.16,-1.90,33.74,32
44.00,-14.09,-4.98,8.14,-1.92,-4.37,-4.37,33.72,0
44.05,-23.65,3.25,2.19,-2.46,-4.37,-3.38,33.73,0
44.10,-25.15,17.86,-19.18,-3.09,-0.95,2.97,33.74,0
44.15,-13.51,0.58,12.49,1.59,-3.96,0.04,33.75,0
44.20,-7.43,-5.63,6.48,-0.15,0.91,0.30,33.72,0
44.25,-7.33,-6.05,5.18,-0.77,2.38,1.62,33.74,0
44.30,-11.03,-8.24,5.08,-1.57,4.37,3.58,33.73,37
44.35,-13.73,-5.43,1.72,-0.43,4.37,1.08,33.77,0
44.40,-12.27,-0.83,5.43,-3.14,-0.58,-1.66,33.74,0
44.45,-12.15,0.41,6.28,-1.35,-2.01,-0.21,33.73,132
44.50,-6.09,2.04,4.80,-1.42,-4.37,-1.32,33.73,0
44.55,-12.25,-5.25,3.95,-0.95,-4.37,-2.48,33.72,0
44.60,-29.07,4.23,-9.03,-0.97,-4.37,-3.05,33.72,0
44.65,-16.53,6.42,-13.14,-0.89,0.65,-0.09,33.74,0
44.70,-21.34,-2.32,7.23,1.10,1.15,2.38,33.74,36
44.75,-7.82,-5.52,3.46,-0.18,0.58,0.07,33.74,13
44.80,-6.64,-8.40,13.56,-0.47,4.02,2.58,33.75,120
44.85,-15.38,-4.15,3.34,-0.46,4.37,3.48,33.75,0
44.90,-15.22,1.24,4.98,0.10,4.37,0.78,33.75,0
44.95,-20.46,-11.93,6.31,-2.72,-2.53,0.71,33.74,0
45.00,-5.36,-13.02,7.03,-0.11,-4.37,0.63,33.75,4
45.05,-12.04,-7.22,4.27,0.11,-4.37,-4.37,33.75,0
45.10,-29.56,1.26,-1.16,-0.19,-4.37,-4.37,33.75,0
45.15,-31.56,10.34,-24.81,0.05,-3.20,-1.28,33.74,0
45.20,-34.50,1.68,11.80,-0.89,3.69,4.37,33.74,0
45.25,-8.90,-3.58,4.86,-0.11,0.85,-0.05,33.76,0
45.30,-7.58,-6.78,10.96,0.32,2.50,1.46,33.76,14
45.35,-11.18,-7.84,8.74,0.28,4.37,4.28,33.77,3
45.40,-8.78,-6.64,4.43,3.46,4.37,1.54,33.77,0
45.45,-11.18,-6.45,11.19,-3.77,-0.15,0.33,33.77,0
45.50,-8.46,-12.75,7.71,-1.66,-3.69,0.23,33.76,0
45.55,-10.15,-10.14,4.68,-0.46,-4.37,-4.37,33.78,19
45.60,-23.19,-5.46,3.41,0.14,-4.37,-4.37,33.76,0
45.65,-37.39,9.72,-24.58,-0.99,-2.77,-1.83,33.78,0
45.70,-37.37,-24.16,15.53,2.30,4.11,4.37,33.77,0
45.75,-8.07,-3.07,6.45,0.61,1.06,0.02,33.77,0
45.80,-8.06,-4.45,9.71,0.35,2.61,1.79,33.79,4
45.85,-9.01,-7.80,10.31,0.64,4.37,4.37,33.77,9
45.90,-7.69,-8.30,2.56,2.76,4.37,2.45,33.78,0
45.95,-13.94,-6.08,6.88,-2.22,1.89,0.18,33.75,0
46.00,-12.76,-11.44,7.42,0.33,-4.37,-1.29,33.78,34
46.05,-12.11,-9.86,5.13,0.03,-4.37,-4.37,33.78,0
46.10,-23.50,-7.18,5.18,0.77,-4.37,-4.37,33.78,0
46.15,-39.24,8.35,-18.83,-0.65,-4.37,-2.36,33.79,0
46.20,-10.56,-16.24,5.72,0.77,4.37,2.57,33.77,0
46.25,-10.93,-1.58,7.36,0.55,0.69,1.00,33.78,0
46.30,-7.55,-5.49,7.65,0.62,1.00,0.87,33.76,0
46.35,-6.67,-9.17,11.68,0.19,4.37,3.99,33.77,45
46.40,-12.25,-4.60,5.10,2.39,4.37,2.88,33.77,0
46.45,-15.09,0.61,11.31,-2.15,1.89,-0.42,33.78,0
46.50,-13.45,-13.05,6.17,-1.88,-3.18,0.46,33.77,0
46.55,-5.45,-6.14,6.17,-0.36,-4.37,-3.47,33.76,70
46.60,-17.12,-6.35,8.54,0.47,-4.37,-4.37,33.78,2
46.65,-42.89,6.17,-9.74,-1.14,-4.37,-3.74,33.79,0
46.70,-16.83,8.34,-11.67,1.09,4.33,-0.64,33.77,0
46.75,-25.53,1.99,9.61,1.36,2.08,2.97,33.78,17
46.80,-7.66,-5.78,4.64,-0.19,0.69,0.06,33.78,16
46.85,-5.35,-9.30,14.56,-0.46,4.37,3.51,33.80,31
46.90,-15.13,-2.95,5.39,2.64,4.37,2.83,33.78,0
46.95,-17.19,2.49,11.27,-2.80,1.71,0.37,33.79,0
47.00,-12.25,-17.84,7.30,-1.16,-4.37,0.53,33.77,28
47.05,-6.95,-10.22,5.71,-0.75,-4.37,-3.48,33.79,0
47.10,-16.60,-7.19,8.09,0.44,-4.37,-4.37,33.79,0
47.15,-38.53,4.34,-9.81,-0.02,-4.37,-4.37,33.77,0
47.20,-23.83,11.20,-17.87,0.80,3.08,-2.66,33.78,0
47.25,-28.05,11.00,15.55,2.05,1.53,3.98,33.79,6
47.30,-7.68,-5.74,5.52,0.27,0.84,0.32,33.80,0
47.35,-6.41,-9.03,12.61,-0.21,4.37,3.47,33.79,105
47.40,-12.61,-2.48,7.91,2.10,4.37,2.76,33.79,0
47.45,-19.59,-1.39,7.85,-2.40,4.37,-0.60,33.80,0
47.50,-18.58,-14.28,4.20,-1.59,-3.70,0.49,33.80,0
47.55,-5.90,-6.15,5.52,-0.72,-4.37,-3.07,33.81,0
47.60,-14.22,-7.85,7.35,0.63,-4.37,-4.37,33.80,28
47.65,-39.63,4.11,-9.23,-0.84,-4.37,-3.72,33.78,13
47.70,-23.17,9.30,-13.72,0.94,3.45,-1.05,33.81,34
47.75,-32.80,-1.83,6.11,0.90,2.16,3.58,33.80,0
47.80,-7.92,-6.45,6.57,-0.04,1.22,0.67,33.80,0
47.85,-5.46,-9.90,12.05,-0.31,4.37,3.84,33.81,65
47.90,-17.47,-4.53,3.07,1.39,4.37,3.30,33.80,0
47.95,-13.66,6.15,8.00,-3.90,1.27,1.05,33.80,0
48.00,-13.73,-8.71,3.49,-0.91,1.28,-0.75,33.82,4
48.05,-8.86,-7.69,7.29,2.27,-4.37,-2.30,33.78,0
48.10,-13.44,-5.30,5.45,0.09,-4.37,-4.37,33.81,0
48.15,-36.47,4.51,-8.17,0.13,-4.37,-4.37,33.82,47
48.20,-33.54,10.91,-24.04,0.90,1.97,-2.00,33.82,0
48.25,-28.27,-21.84,-7.59,2.11,2.32,4.37,33.82,0
48.30,-7.69,-5.29,4.89,0.04,0.92,-0.02,33.81,0
48.35,-5.83,-7.64,14.17,-0.64,4.37,2.92,33.83,42
48.40,-17.38,-3.24,7.15,1.61,4.37,2.78,33.83,0
48.45,-19.13,-3.44,5.82,-1.70,4.37,0.57,33.85,0
48.50,-15.56,-17.65,3.60,-2.43,-2.08,1.63,33.84,0
48.55,-5.04,-6.67,6.38,-0.04,-4.37,-3.12,33.83,0
48.60,-15.92,-4.10,7.17,0.77,-4.37,-4.37,33.82,0
48.65,-35.38,3.37,-5.84,0.64,-4.37,-3.94,33.82,11
48.70,-32.59,11.37,-21.38,1.32,2.87,-2.80,33.81,0
48.75,-14.61,-19.29,2.34,0.01,3.45,4.37,33.82,0
48.80,-8.22,-4.37,4.65,-0.39,0.98,-0.07,33.82,0
48.85,-6.48,-8.29,13.28,-0.57,4.37,2.60,33.84,50
48.90,-15.50,-5.54,5.09,0.85,4.37,4.28,33.85,0
48.95,-23.18,3.36,6.55,-0.92,4.37,1.05,33.82,0
49.00,-14.23,-11.63,5.55,-2.86,-1.71,1.35,33.83,0
49.05,-8.59,-8.42,5.67,0.35,-4.37,-2.47,33.83,0
49.10,-15.72,-7.29,3.56,-0.02,-4.37,-4.37,33.84,10
49.15,-31.40,-3.34,-3.43,0.11,-4.37,-4.37,33.84,0
49.20,-35.46,13.10,-27.96,0.67,-1.29,-1.10,33.86,0
49.25,1.66,-1.25,4.54,-0.43,3.17,4.37,33.84,6
49.30,-7.78,-3.92,5.47,0.30,0.62,0.17,33.85,0
49.35,-6.48,-7.67,15.16,0.18,4.37,2.86,33.84,34
49.40,-13.30,-3.06,6.62,1.39,4.37,3.39,33.85,0
49.45,-19.33,1.41,7.42,1.53,4.37,-0.48,33.82,0
49.50,-18.10,-12.28,6.89,-3.22,-1.37,0.89,33.85,0
49.55,-3.91,-7.72,6.50,-0.40,-4.37,-0.90,33.83,0
49.60,-13.76,-6.48,3.56,0.54,-4.37,-4.37,33.86,7
49.65,-29.05,-1.48,-5.02,-0.05,-4.37,-4.37,33.85,0
49.70,-34.32,11.62,-24.76,-0.01,-0.98,-1.70,33.85,0
49.75,-6.25,-5.05,4.31,-0.66,3.15,4.37,33.85,16
49.80,-7.49,-4.74,5.21,0.02,0.55,0.35,33.86,0
49.85,-6.90,-9.25,15.62,0.42,4.37,2.72,33.85,40
49.90,-11.87,-2.53,8.24,0.42,4.37,3.96,33.84,0
49.95,-22.15,6.02,7.44,2.86,4.37,0.85,33.85,0
50.00,-16.46,-10.14,4.81,-2.46,-1.67,1.02,33.85,0
50.05,-8.19,-8.49,5.95,0.34,-4.37,-2.43,33.84,0
50.10,-12.55,-6.23,5.77,0.42,-4.37,-4.37,33.84,0
50.15,-32.16,1.08,-3.35,-0.92,-4.37,-4.37,33.86,71
50.20,-35.13,11.58,-26.01,-0.14,-0.79,-0.43,33.85,21
50.25,-16.84,-1.72,5.44,-0.75,3.25,4.37,33.85,0
50.30,-8.34,-4.12,5.24,0.12,0.69,0.19,33.86,0
50.35,-5.90,-8.18,15.39,-0.00,4.37,3.25,33.85,48
50.40,-13.87,-2.48,6.20,1.73,4.37,3.08,33.86,0
50.45,-19.27,1.99,8.53,-0.18,4.37,-0.33,33.87,0
50.50,-16.05,-14.59,8.08,-2.65,-3.17,0.65,33.87,0
50.55,-7.52,-10.51,5.51,-1.79,-4.37,-1.44,33.88,0
50.60,-13.10,-8.23,5.45,0.65,-4.37,-4.37,33.86,0
50.65,-31.37,-0.52,-3.83,-0.06,-4.37,-4.37,33.86,34
50.70,-32.33,12.36,-25.63,0.34,1.39,-2.50,33.85,0
50.75,-30.37,-9.44,1.54,0.29,2.01,3.41,33.85,20
50.80,-7.56,-4.80,5.20,0.39,0.76,0.03,33.84,0
50.85,-6.90,-6.68,13.13,-0.15,4.37,2.77,33.87,67
50.90,-15.35,-3.61,5.34,1.54,4.37,3.37,33.86,0
50.95,-19.87,-1.63,5.28,-1.38,4.37,0.92,33.89,0
51.00,-16.97,-12.83,6.25,-2.34,-2.31,0.42,33.87,0
51.05,-4.42,-6.81,5.92,-0.57,-4.37,-1.47,33.87,0
51.10,-11.38,-7.66,3.03,0.41,-4.37,-4.37,33.88,0
51.15,-31.72,-0.89,-8.16,-0.13,-4.37,-4.37,33.88,0
51.20,-29.11,12.50,-23.37,-0.52,-0.23,-2.34,33.86,0
51.25,-32.94,-10.44,3.17,0.90,2.67,3.42,33.86,57
51.30,-7.49,-5.13,4.86,0.31,0.66,0.01,33.89,0
51.35,-6.79,-6.95,12.23,-0.09,4.12,2.45,33.88,12
51.40,-12.85,-4.26,5.23,0.91,4.37,3.45,33.87,0
51.45,-20.19,-5.92,6.63,1.29,4.37,0.49,33.91,0
51.50,-12.98,-10.86,10.54,-3.29,-0.70,0.86,33.88,0
51.55,-4.31,-5.48,8.30,-0.85,-4.33,-2.27,33.89,35
51.60,-11.71,-5.59,6.69,-1.10,-4.37,-4.37,33.89,0
51.65,-27.32,0.68,8.15,-1.22,-4.37,-4.37,33.91,0
51.70,-32.97,14.60,-24.24,-0.97,-3.83,1.12,33.89,0
51.75,-20.38,-2.54,12.10,0.85,4.37,3.09,33.88,46
51.80,-7.35,-5.52,3.58,0.15,0.50,0.05,33.89,0
51.85,-7.45,-5.66,8.26,-0.04,2.13,1.57,33.89,0
51.90,-10.20,-8.22,6.98,0.46,4.37,3.69,33.91,0
51.95,-10.65,-3.70,4.84,1.19,4.37,2.68,33.89,0
52.00,-10.75,-6.24,10.70,-2.70,1.11,0.49,33.89,0
52.05,-4.44,-4.64,7.79,-2.30,-2.14,-1.34,33.91,80
52.10,-9.20,-1.88,7.47,-2.16,-4.37,-4.20,33.91,0
52.15,-17.67,-4.77,10.10,-0.99,-4.37,-4.37,33.90,0
52.20,-30.76,11.11,-13.97,-3.48,-2.52,-0.40,33.92,0
52.25,-28.65,13.36,-25.35,4.37,-2.34,4.37,33.91,0
52.30,-8.16,-1.76,9.63,0.18,0.56,-0.08,33.94,0
52.35,-7.51,-5.59,2.13,-0.43,1.48,0.85,33.92,43
52.40,-7.67,-6.28,4.71,-0.41,2.27,2.05,33.92,0
52.45,-9.69,-5.37,1.96,-0.52,3.28,2.31,33.90,0
52.50,-10.81,-4.41,2.03,-2.60,4.37,2.53,33.91,0
52.55,-19.57,-12.65,4.40,-2.73,1.30,0.18,33.91,0
52.60,-7.35,-0.36,7.84,-2.41,-2.41,-3.26,33.90,8
52.65,-9.61,7.01,8.03,-3.81,-4.37,-3.68,33.92,86
52.70,-17.39,4.84,6.56,-2.18,-4.37,-4.37,33.93,0
52.75,-21.42,9.79,-15.95,-0.12,-1.30,0.98,33.91,0
52.80,-7.57,-5.69,3.76,0.60,-1.32,0.67,33.90,0
52.85,-7.54,-4.46,5.67,0.42,0.04,0.30,33.92,0
52.90,-7.84,-4.91,4.21,0.08,0.75,0.78,33.92,14
52.95,-7.54,-7.18,8.26,-0.17,3.47,2.39,33.92,35
53.00,-11.24,-1.72,3.22,0.00,4.37,3.05,33.91,0
53.05,-7.86,-2.93,6.17,0.88,4.37,1.55,33.90,0
53.10,-15.68,-8.07,9.47,0.11,-2.87,-0.63,33.92,0
53.15,-4.49,-7.24,5.54,0.79,-4.37,0.07,33.92,0
53.20,-11.54,-9.00,2.89,0.40,-4.37,-3.50,33.91,0
53.25,-21.58,-5.18,-1.50,0.69,-4.37,-4.37,33.91,0
53.30,-23.09,6.16,-20.31,-0.19,-1.07,-1.58,33.90,69
53.35,-21.78,-15.87,-2.61,0.71,1.35,3.43,33.90,132
53.40,-7.33,-4.19,5.10,0.32,0.59,-0.04,33.92,0
53.45,-7.81,-4.99,10.03,0.19,2.17,1.01,33.94,0
53.50,-10.54,-5.52,9.21,0.97,4.37,3.54,33.91,0
53.55,-6.52,-0.86,7.51,1.74,4.37,1.11,33.93,0
53.60,-17.76,-8.47,6.28,-3.01,2.28,0.82,33.92,0
53.65,-3.79,-7.03,6.04,0.71,-4.37,-0.16,33.92,12
53.70,-8.40,-11.35,1.96,0.38,-4.37,-3.05,33.92,0
53.75,-17.09,-8.94,5.86,0.47,-4.37,-4.37,33.94,0
53.80,-33.12,5.27,-16.89,-0.29,-4.24,-3.03,33.92,0
53.85,-31.54,-18.39,17.02,-0.41,4.37,4.37,33.94,0
53.90,-8.62,-3.52,4.83,-0.06,0.87,0.10,33.92,0
53.95,-7.38,-4.84,6.06,0.45,0.64,0.49,33.93,38
54.00,-7.27,-5.88,6.22,-0.33,2.94,1.52,33.94,75
54.05,-10.28,-5.13,4.92,-0.10,4.14,2.69,33.95,0
54.10,-12.37,-4.01,4.51,-1.64,4.37,2.57,33.93,0
54.15,-5.09,-5.53,7.08,-0.81,-0.91,0.17,33.94,0
54.20,-2.65,0.04,2.68,-0.54,-4.37,-3.23,33.94,0
54.25,-12.44,-2.92,2.00,0.43,-4.37,-3.69,33.96,0
54.30,-24.12,10.30,-12.66,-0.55,-1.22,-1.86,33.94,0
54.35,-1.24,-10.84,7.22,1.00,-2.06,-0.82,33.93,8
54.40,-7.23,-4.02,4.37,0.06,0.24,0.07,33.92,0
54.45,-6.94,-4.44,4.73,0.12,0.11,0.20,33.93,0
54.50,-6.87,-4.17,5.26,0.09,0.52,0.46,33.92,0
54.55,-7.15,-3.71,3.47,0.04,0.48,0.33,33.93,0
54.60,-7.47,-3.39,3.37,0.10,0.12,0.31,33.93,0
54.65,-7.61,-3.82,3.34,0.14,-0.06,0.26,33.93,0
54.70,-8.11,-5.00,3.26,-0.53,-0.53,0.63,33.94,0
54.75,-8.95,-8.19,2.60,-2.50,-1.03,3.48,33.94,0
54.80,-8.47,-2.26,5.28,-2.86,-1.18,0.89,33.94,6
54.85,-6.63,2.35,6.45,-0.89,-0.78,0.81,33.93,6
54.90,-7.68,-0.34,5.31,-0.62,-0.79,0.96,33.94,0
54.95,-7.24,-1.93,3.83,-0.67,-0.00,1.09,33.95,0
55.00,-5.73,-3.12,3.27,-0.90,-0.32,1.00,33.94,0
55.05,-5.31,-6.11,2.89,-0.98,0.16,-0.38,33.94,0
55.10,-8.38,-5.83,4.01,-0.17,-0.29,-1.30,33.95,0
55.15,-7.13,-5.80,3.45,-0.11,0.03,-0.99,33.94,0
55.20,-6.45,7.09,12.17,-0.59,-1.00,-0.73,33.93,0
55.25,-6.75,-4.70,4.07,-0.15,0.28,-0.31,33.94,23
55.30,-6.21,-4.33,4.92,0.12,-0.02,-0.13,33.95,0
55.35,-6.26,-4.32,4.91,0.06,-0.02,-0.08,33.95,0
55.40,-6.10,-4.54,4.80,0.03,-0.15,-0.03,33.93,0
55.45,-6.29,-4.27,5.10,0.10,-0.08,-0.08,33.94,0
55.50,-6.19,-4.48,4.93,0.11,-0.03,-0.03,33.94,0
55.55,-6.19,-4.40,5.03,0.13,-0.06,-0.01,33.94,0
55.60,-6.16,-4.38,5.03,0.11,-0.01,-0.00,33.94,0
55.65,-6.19,-4.38,5.00,0.08,0.03,-0.01,33.94,0
55.70,-6.20,-4.37,4.98,0.11,-0.06,-0.00,33.94,0
55.75,-6.18,-4.39,4.99,0.08,0.07,-0.01,33.96,0
55.80,-6.30,-4.37,4.91,0.11,0.07,0.04,33.96,0
55.85,-6.28,-4.31,4.93,0.15,0.04,-0.02,33.96,0
55.90,-6.28,-4.32,4.90,0.11,-0.02,-0.02,33.95,0
55.95,-6.31,-4.30,4.92,0.14,0.00,-0.04,33.95,0
56.00,-6.30,-4.30,4.93,0.11,-0.03,-0.04,33.97,0
56.05,-6.32,-4.33,4.89,0.10,-0.04,-0.04,33.96,0
56.10,-6.29,-4.31,4.93,0.10,-0.01,-0.02,33.97,0
56.15,-6.26,-4.29,4.94,0.09,-0.02,-0.01,33.96,0
56.20,-6.28,-4.29,4.96,0.11,-0.02,0.01,33.97,0
56.25,-6.30,-4.26,4.95,0.11,-0.01,-0.01,33.96,0
56.30,-6.26,-4.27,4.89,0.09,-0.04,-0.02,33.97,0
56.35,-6.33,-4.28,4.98,0.11,-0.02,-0.04,33.99,0
56.40,-6.26,-4.29,4.97,0.10,-0.16,-0.02,33.97,0
56.45,-6.21,-4.24,5.07,0.11,-0.12,-0.01,33.98,0
56.50,-6.20,-4.26,5.07,0.11,-0.05,-0.02,33.96,0
56.55,-6.14,-4.25,5.10,0.11,-0.03,-0.01,33.97,0
56.60,-6.19,-4.24,5.11,0.10,-0.02,-0.01,33.97,0
56.65,-6.20,-4.23,5.12,0.07,-0.00,-0.02,33.96,0
56.70,-6.20,-4.26,5.07,0.08,0.02,-0.02,33.98,0
56.75,-6.16,-4.26,5.07,0.11,-0.03,-0.02,33.99,0
56.80,-6.21,-4.23,5.09,0.11,-0.03,-0.01,33.97,0
56.85,-6.19,-4.22,5.09,0.10,-0.02,-0.02,33.99,0
56.90,-6.19,-4.21,5.05,0.10,-0.01,-0.03,33.97,0
56.95,-6.19,-4.26,5.11,0.09,-0.02,-0.03,33.97,0
57.00,-6.21,-4.24,5.04,0.09,-0.01,-0.04,33.98,0
57.05,-6.18,-4.29,5.08,0.09,-0.03,-0.05,34.00,0
57.10,-6.18,-4.29,5.04,0.09,-0.03,-0.05,33.97,0
57.15,-6.15,-4.31,5.08,0.09,-0.02,-0.05,33.99,0
57.20,-6.11,-4.33,5.09,0.07,-0.03,-0.05,33.98,0
57.25,-6.15,-4.37,5.09,0.10,-0.04,-0.03,33.99,0
57.30,-6.12,-4.38,5.10,0.08,-0.03,-0.05,33.99,0
57.35,-6.18,-4.42,4.93,0.08,0.21,-0.06,33.99,0
57.40,-6.19,-4.43,4.90,0.14,0.02,-0.03,34.00,0
57.45,-6.20,-4.38,4.88,0.10,-0.04,-0.01,34.00,0
57.50,-6.22,-4.31,4.97,0.10,-0.05,0.00,33.97,0
57.55,-6.22,-4.38,4.97,0.09,-0.08,0.01,33.99,0
57.60,-6.20,-4.29,5.05,0.09,-0.15,0.05,34.00,0
57.65,-6.15,-4.34,5.13,0.16,-0.06,0.04,33.99,0
57.70,-6.19,-4.20,5.12,0.13,0.03,0.04,33.98,0
57.75,-6.21,-4.24,5.14,0.11,0.10,0.10,34.01,0
57.80,-6.35,-4.22,5.00,0.18,0.20,0.24,34.00,63
57.85,-6.58,-3.80,4.99,0.13,0.20,0.22,34.00,0
57.90,-6.74,-3.83,4.72,0.11,0.24,0.26,34.01,0
57.95,-6.87,-3.54,4.49,0.03,0.12,0.24,33.99,0
58.00,-6.96,-3.60,4.46,-0.02,0.01,0.22,34.00,3
58.05,-7.06,-3.41,4.45,-0.04,-0.06,0.21,33.99,40
58.10,-7.02,-3.20,4.64,0.05,-0.07,0.09,34.00,0
58.15,-7.08,-3.19,4.53,0.06,0.02,-0.04,33.98,0
58.20,-7.05,-3.33,4.39,0.08,-0.02,-0.07,34.01,0
58.25,-6.86,-3.23,4.52,0.02,-0.10,-0.06,34.01,0
58.30,-7.04,-3.52,4.55,-0.01,-0.03,-0.13,34.01,0
58.35,-6.98,-3.75,4.54,0.04,-0.10,-0.12,33.99,0
58.40,-6.90,-3.82,4.68,0.10,-0.07,-0.06,34.00,0
58.45,-6.87,-3.77,4.68,0.10,-0.02,-0.03,34.00,0
58.50,-6.87,-3.72,4.69,0.10,-0.01,-0.02,33.98,0
58.55,-6.93,-3.71,4.55,0.10,0.02,-0.00,34.01,0
58.60,-6.88,-3.68,4.56,0.11,-0.02,-0.01,34.02,0
58.65,-6.93,-3.69,4.59,0.10,0.04,0.02,34.01,0
58.70,-6.96,-3.66,4.49,0.10,-0.00,0.00,34.00,0
58.75,-6.95,-3.66,4.57,0.11,-0.05,-0.02,34.03,0
58.80,-6.94,-3.62,4.53,0.10,-0.03,-0.02,33.99,0
58.85,-6.93,-3.61,4.58,0.09,-0.05,-0.04,34.02,0
58.90,-6.87,-3.69,4.64,0.10,-0.08,-0.03,34.02,0
58.95,-6.89,-3.61,4.65,0.10,-0.05,-0.03,34.02,0
59.00,-6.86,-3.66,4.75,0.10,-0.02,-0.01,34.00,0
59.05,-6.89,-3.65,4.64,0.09,0.01,-0.01,34.01,0
59.10,-6.91,-3.65,4.66,0.09,0.01,-0.01,33.99,0
59.15,-6.92,-3.64,4.60,0.10,-0.02,-0.02,34.03,0
59.20,-6.91,-3.65,4.66,0.11,-0.00,-0.01,34.02,0
59.25,-6.92,-3.63,4.57,0.11,-0.03,-0.01,34.01,0
59.30,-6.89,-3.66,4.67,0.11,-0.06,-0.03,34.02,0
59.35,-6.87,-3.63,4.72,0.10,-0.04,-0.02,34.02,0
59.40,-6.89,-3.62,4.67,0.09,-0.03,-0.02,34.01,0
59.45,-6.86,-3.65,4.60,0.08,-0.03,-0.02,34.03,0
59.50,-6.86,-3.62,4.72,0.08,-0.04,-0.03,34.02,0
59.55,-6.87,-3.64,4.74,0.10,-0.03,-0.02,34.00,0
59.60,-6.84,-3.65,4.72,0.10,-0.03,-0.02,34.01,0
59.65,-6.86,-3.59,4.67,0.10,-0.01,-0.02,34.01,0
59.70,-6.84,-3.66,4.70,0.10,-0.04,-0.03,34.03,0
59.75,-6.85,-3.65,4.68,0.10,-0.03,-0.03,34.00,0
59.80,-6.82,-3.65,4.74,0.10,-0.04,-0.02,34.01,0
59.85,-6.80,-3.63,4.72,0.10,-0.03,-0.02,34.01,0
59.90,-6.82,-3.72,4.79,0.09,-0.02,-0.02,34.03,0
59.95,-6.84,-3.67,4.74,0.09,0.01,-0.01,34.02,0
60.00,-6.85,-3.66,4.69,0.10,-0.01,-0.01,34.02,0
60.05,-6.84,-3.63,4.69,0.10,-0.03,-0.02,34.03,0
60.10,-6.83,-3.63,4.79,0.10,-0.05,-0.02,34.03,0
60.15,-6.80,-3.64,4.82,0.10,-0.02,-0.02,34.04,0
60.20,-6.82,-3.67,4.73,0.10,-0.03,-0.02,34.00,0
60.25,-6.83,-3.69,4.80,0.10,-0.02,-0.02,34.03,0
60.30,-6.81,-3.65,4.75,0.10,-0.01,-0.01,34.04,0
60.35,-6.81,-3.62,4.74,0.10,-0.02,-0.02,34.03,0
60.40,-6.81,-3.63,4.77,0.10,-0.03,-0.02,34.01,0
60.45,-6.79,-3.64,4.75,0.09,-0.04,-0.02,34.02,0
60.50,-6.80,-3.59,4.79,0.08,-0.05,-0.01,34.02,0
60.55,-6.78,-3.67,4.80,0.09,-0.05,-0.03,34.02,0
60.60,-6.78,-3.63,4.77,0.10,-0.01,-0.02,34.02,0
60.65,-6.76,-3.64,4.78,0.10,-0.04,-0.02,34.04,0
60.70,-6.76,-3.63,4.80,0.10,-0.04,-0.02,34.01,0
60.75,-6.75,-3.64,4.83,0.10,-0.00,-0.01,34.02,0
60.80,-6.75,-3.66,4.89,0.10,-0.01,-0.02,34.02,0
