0.00,-5.63,3.15,6.27,0.09,-0.02,-0.02,31.89,28
0.05,-5.65,3.09,6.30,0.09,-0.02,-0.02,31.89,28
0.10,-5.63,3.15,6.26,0.09,-0.02,-0.02,31.92,29
0.15,-5.65,3.08,6.29,0.08,-0.02,-0.03,31.94,29
0.20,-5.64,3.10,6.29,0.08,-0.02,-0.02,31.92,30
0.25,-5.62,3.15,6.27,0.10,-0.02,-0.02,31.94,30
0.30,-5.63,3.12,6.26,0.10,-0.02,-0.02,31.97,31
0.35,-5.64,3.10,6.28,0.10,-0.02,-0.02,31.97,31
0.40,-5.63,3.12,6.27,0.09,-0.02,-0.02,31.99,31
0.45,-5.66,3.12,6.31,0.09,-0.02,-0.02,31.99,32
0.50,-5.60,3.12,6.29,0.09,-0.02,-0.02,32.00,31
0.55,-5.63,3.14,6.28,0.10,-0.02,-0.01,31.99,31
0.60,-5.65,3.15,6.26,0.09,-0.02,-0.02,32.02,31
0.65,-5.65,3.15,6.27,0.09,-0.02,-0.02,32.02,31
0.70,-5.65,3.15,6.31,0.08,-0.02,-0.03,32.04,31
0.75,-5.66,3.14,6.28,0.09,-0.03,-0.03,32.04,31
0.80,-5.68,3.06,6.28,0.12,-0.02,0.00,32.04,31
0.85,-5.66,3.18,6.28,0.12,-0.02,-0.01,32.06,31
0.90,-5.62,3.18,6.26,0.08,-0.03,-0.03,32.07,30
0.95,-5.64,3.14,6.27,0.04,-0.03,-0.05,32.07,30
1.00,-5.63,3.12,6.25,0.02,-0.02,-0.07,32.08,31
1.05,-5.66,3.02,6.30,0.04,-0.02,-0.06,32.07,34
1.10,-5.64,2.93,6.35,0.09,-0.02,-0.03,32.09,38
1.15,-5.66,3.00,6.33,0.09,-0.02,-0.02,32.11,38
1.20,-5.66,3.01,6.32,0.09,-0.02,-0.02,32.10,36
1.25,-5.67,3.03,6.32,0.10,-0.02,-0.02,32.11,34
1.30,-5.66,3.01,6.34,0.08,-0.02,-0.03,32.11,32
1.35,-5.66,2.94,6.32,0.07,-0.02,-0.04,32.09,31
1.40,-5.67,2.97,6.34,0.07,-0.02,-0.03,32.12,31
1.45,-5.66,2.94,6.35,0.09,-0.02,-0.03,32.12,31
1.50,-5.67,2.95,6.35,0.08,-0.02,-0.02,32.12,31
1.55,-5.65,2.95,6.31,0.10,-0.02,-0.02,32.14,31
1.60,-5.68,2.95,6.34,0.09,-0.02,-0.02,32.13,31
1.65,-5.69,2.94,6.33,0.10,-0.01,-0.01,32.14,31
1.70,-5.67,2.93,6.36,0.10,-0.02,-0.01,32.14,30
1.75,-5.67,2.98,6.32,0.11,-0.02,-0.01,32.13,30
1.80,-5.63,3.01,6.33,0.10,-0.02,0.00,32.14,30
1.85,-5.66,2.94,6.30,0.10,-0.01,-0.02,32.14,31
1.90,-5.65,2.99,6.32,0.09,-0.02,-0.02,32.16,31
1.95,-5.68,2.97,6.32,0.09,-0.02,-0.02,32.18,31
2.00,-5.66,2.97,6.32,0.09,-0.02,-0.02,32.15,31
2.05,-5.66,2.97,6.32,0.09,-0.02,-0.02,32.16,31
2.10,-5.70,2.98,6.32,0.10,-0.02,-0.02,32.17,31
2.15,-5.67,2.99,6.33,0.10,-0.02,-0.02,32.16,32
2.20,-5.66,2.98,6.32,0.09,-0.02,-0.02,32.18,32
2.25,-5.66,3.01,6.33,0.10,-0.02,-0.02,32.18,31
2.30,-5.66,2.97,6.33,0.10,-0.02,-0.02,32.19,32
2.35,-5.64,3.02,6.31,0.10,-0.01,-0.01,32.17,32
2.40,-5.66,2.99,6.32,0.12,-0.02,-0.01,32.20,32
2.45,-5.66,3.02,6.34,0.09,-0.02,-0.02,32.19,33
2.50,-5.64,3.03,6.31,0.08,-0.03,-0.03,32.19,32
2.55,-5.66,2.94,6.33,0.08,-0.02,-0.03,32.21,32
2.60,-5.68,3.02,6.28,0.11,0.00,-0.01,32.19,32
2.65,-5.69,3.00,6.31,0.13,0.01,0.01,32.22,32
2.70,-5.74,2.86,6.39,0.25,-0.09,0.00,32.22,31
2.75,-5.81,2.59,6.35,0.60,0.20,0.33,32.24,30
2.80,-6.42,4.61,5.59,0.59,0.46,0.44,32.23,32
2.85,-7.06,1.20,6.99,0.05,-0.37,0.16,32.22,34
2.90,-8.17,-0.45,6.58,0.02,-0.33,-0.95,32.24,33
2.95,-5.66,2.61,5.03,0.26,-0.58,-1.01,32.24,35
3.00,-4.89,3.39,5.60,0.22,-0.37,-0.75,32.24,36
3.05,-2.76,5.86,4.79,0.11,0.13,-0.54,32.26,33
3.10,-9.02,6.11,12.29,2.12,0.09,1.59,32.23,26
3.15,-7.42,4.11,4.38,-0.46,0.37,-0.19,32.22,30
3.20,-4.70,2.36,6.44,0.06,-0.19,0.06,32.26,21
3.25,-5.90,3.85,5.48,-0.14,0.09,-0.44,32.25,30
3.30,-6.37,1.49,6.49,0.15,-0.37,-0.45,32.23,27
3.35,-4.99,3.91,5.28,0.49,-0.51,-1.16,32.25,32
3.40,-5.52,3.61,6.15,0.32,-0.17,-0.25,32.26,36
3.45,-3.27,3.99,7.58,0.16,-0.47,-0.33,32.26,36
3.50,-7.66,2.72,7.42,0.05,-0.12,-0.23,32.27,46
3.55,-5.59,1.68,6.57,0.32,-0.10,-0.23,32.27,43
3.60,-6.48,2.91,6.34,0.51,-0.17,-0.29,32.27,39
3.65,-5.10,2.50,6.23,0.61,-0.39,-0.49,32.26,33
3.70,-4.87,2.80,6.72,0.66,-0.02,-0.33,32.28,23
3.75,-5.76,3.00,6.21,0.86,-0.03,-0.65,32.29,20
3.80,-6.24,4.50,6.73,0.94,-0.20,-0.51,32.28,15
3.85,-5.52,3.50,6.82,0.71,0.01,-0.38,32.29,13
3.90,-5.64,1.64,8.70,-1.01,0.35,0.10,32.28,13
3.95,-4.37,2.53,6.21,-0.72,0.07,-0.29,32.29,10
4.00,-3.98,4.16,2.65,0.18,-0.03,-0.13,32.29,12
4.05,-10.55,5.33,8.12,1.82,-0.79,1.08,32.29,13
4.10,-2.71,2.79,9.09,0.38,-0.19,-0.02,32.28,16
4.15,-5.23,2.67,6.70,0.09,-0.10,-0.02,32.30,10
4.20,-6.93,2.92,6.09,0.41,-0.22,-0.06,32.28,8
4.25,-5.41,2.47,6.20,0.54,-0.03,0.32,32.31,27
4.30,-5.24,5.26,5.81,-0.28,-0.03,-0.23,32.29,4
4.35,-5.29,1.88,6.90,-0.21,-0.12,-0.22,32.33,9
4.40,-4.93,4.93,6.14,0.20,-0.05,0.02,32.31,14
4.45,-4.84,5.01,6.60,0.07,0.06,-0.03,32.30,23
4.50,-4.48,2.82,6.89,0.50,0.20,0.13,32.29,23
4.55,-5.60,4.65,6.62,0.68,0.58,0.20,32.32,30
4.60,-4.36,4.75,7.87,0.52,0.45,-0.66,32.32,37
4.65,-0.52,5.20,8.26,0.70,-0.29,-0.38,32.32,49
4.70,-3.70,5.63,8.56,0.46,-0.26,0.29,32.34,50
4.75,-5.53,6.19,6.21,0.11,-0.33,0.90,32.31,48
4.80,-6.78,4.27,5.47,-0.10,-0.46,0.20,32.34,47
4.85,-6.11,5.04,6.05,0.17,-0.33,-0.01,32.33,44
4.90,-4.18,4.72,5.23,0.46,-0.74,0.26,32.32,49
4.95,-4.72,4.29,4.96,0.13,-0.53,0.01,32.32,49
5.00,-4.55,4.53,5.66,0.17,-0.21,0.18,32.32,45
5.05,-4.87,3.33,5.67,0.14,-0.38,-0.24,32.32,39
5.10,-3.59,4.53,5.22,0.07,-0.30,-0.27,32.34,43
5.15,-4.64,4.04,5.96,0.17,-0.10,-0.21,32.34,42
5.20,-4.67,5.20,5.02,-0.02,-0.26,-0.35,32.34,41
5.25,-5.87,4.66,3.92,-0.05,0.42,-0.33,32.36,39
5.30,8.46,6.59,11.71,0.07,0.98,-0.83,32.33,39
5.35,-6.48,2.33,11.29,0.26,0.77,-0.49,32.35,48
5.40,-6.04,3.35,6.44,-0.29,-0.04,-0.04,32.35,44
5.45,-5.38,3.89,6.18,0.18,-0.11,0.08,32.34,41
5.50,-5.02,4.72,6.07,-0.09,-0.06,-0.10,32.35,39
5.55,-5.23,4.12,6.21,-0.40,-0.11,-0.34,32.35,35
5.60,-4.94,2.95,6.67,-0.09,-0.11,-0.11,32.36,34
5.65,-5.10,3.31,6.58,0.08,-0.03,-0.00,32.35,34
5.70,-5.11,3.70,6.60,0.20,0.22,-0.03,32.34,42
5.75,-5.14,3.54,6.91,0.49,0.92,-0.23,32.36,41
5.80,-6.00,4.62,5.82,0.51,1.90,-0.44,32.34,50
5.85,-6.94,3.89,4.41,0.40,2.11,-0.77,32.36,51
5.90,-8.03,3.09,3.01,0.68,2.15,-1.07,32.37,40
5.95,-8.60,2.57,1.07,1.01,2.41,-1.21,32.36,57
6.00,-9.17,2.00,-0.83,0.66,2.08,-1.25,32.39,48
6.05,-9.57,0.97,-1.88,0.51,1.24,-0.85,32.36,47
6.10,-10.30,1.39,-2.10,0.19,2.01,-1.04,32.35,41
6.15,-14.57,1.46,-3.54,0.70,1.69,0.13,32.37,40
6.20,-14.85,7.93,9.50,0.67,-1.42,0.69,32.37,41
6.25,-4.99,3.13,5.15,-0.22,-2.98,0.70,32.36,18
6.30,-5.17,2.24,4.06,0.07,-3.46,1.37,32.36,30
6.35,-7.90,4.88,3.09,-0.86,-3.58,1.45,32.38,29
6.40,-10.39,6.96,4.52,-1.17,-2.54,2.35,32.39,24
6.45,-9.39,7.26,4.92,-1.01,-2.07,1.49,32.37,13
6.50,-8.52,4.40,2.82,0.02,-1.49,1.57,32.37,14
6.55,-10.45,3.97,3.17,0.09,-1.29,1.17,32.37,14
6.60,-7.19,3.63,3.82,0.38,-0.29,-0.36,32.35,14
6.65,-2.87,5.19,4.41,-0.05,-0.00,0.70,32.37,23
6.70,-5.89,2.93,5.33,0.13,-0.24,0.61,32.37,29
6.75,-6.35,3.63,2.23,0.25,0.68,-0.61,32.36,27
6.80,9.30,12.42,19.52,0.36,2.69,-0.70,32.38,37
6.85,-17.64,0.89,27.50,-1.61,1.91,-0.92,32.38,39
6.90,-6.06,9.06,4.01,0.09,-0.39,-0.25,32.37,40
6.95,-5.23,4.62,6.03,0.12,-0.04,0.04,32.37,39
7.00,-4.85,3.63,6.45,0.46,-0.00,0.13,32.38,40
7.05,-4.98,5.15,5.73,0.50,0.14,-0.07,32.36,43
7.10,-5.10,5.24,5.71,0.71,0.48,-0.29,32.37,57
7.15,-5.53,6.10,5.05,0.35,1.19,-0.48,32.38,46
7.20,-6.46,4.40,4.52,0.38,1.49,-0.74,32.37,49
7.25,-7.13,4.46,3.43,0.32,1.67,-0.72,32.38,32
7.30,-8.03,4.09,2.15,0.29,1.39,-0.60,32.38,36
7.35,-8.25,3.59,1.61,0.51,1.17,-0.39,32.40,40
7.40,-8.55,3.25,0.27,0.17,0.59,0.01,32.38,25
7.45,-8.49,4.55,0.28,-0.12,-0.27,0.03,32.38,24
7.50,-8.25,4.17,1.56,-0.13,-0.57,0.13,32.37,28
7.55,-8.32,4.27,1.47,0.06,-0.33,-0.08,32.37,30
7.60,-8.39,3.83,1.79,0.24,0.23,-0.31,32.40,32
7.65,-8.41,3.92,1.81,0.48,0.91,-0.72,32.40,24
7.70,-8.33,3.58,0.68,0.72,2.30,-1.14,32.42,26
7.75,-12.42,2.87,-0.33,2.03,4.37,-1.02,32.40,26
7.80,-16.50,11.00,14.24,0.60,-1.70,1.83,32.41,38
7.85,-4.40,6.52,7.12,-0.42,-4.13,-0.37,32.40,17
7.90,-3.10,8.21,2.49,-1.39,-4.17,0.41,32.41,6
7.95,-8.33,8.10,3.44,-1.25,-3.46,2.71,32.39,5
8.00,-11.69,7.66,4.31,-1.24,-2.83,2.72,32.40,10
8.05,-10.00,5.90,4.08,-0.11,-2.21,1.14,32.39,14
8.10,-11.13,4.36,1.92,0.53,-1.27,1.33,32.40,15
8.15,-9.65,1.76,1.88,0.07,-0.54,-0.05,32.39,18
8.20,-5.33,4.27,2.15,-0.33,0.16,0.03,32.41,29
8.25,-5.98,5.79,3.88,-0.32,0.98,0.95,32.40,34
8.30,-6.11,4.63,5.94,-0.03,1.35,-0.87,32.39,32
8.35,-10.80,1.13,3.74,-0.82,2.27,-2.81,32.41,33
8.40,-5.30,3.51,6.80,0.47,-0.02,0.27,32.41,41
8.45,-5.33,5.27,6.19,0.32,-0.33,0.01,32.43,39
8.50,-5.26,4.19,6.31,-0.17,-0.20,-0.18,32.41,34
8.55,-5.09,2.73,6.92,-0.02,0.04,-0.12,32.40,38
8.60,-5.52,3.72,6.72,-0.07,0.67,0.09,32.41,44
8.65,-5.73,3.56,6.35,0.33,1.40,-0.39,32.40,36
8.70,-6.52,3.19,5.53,0.42,2.29,-0.80,32.43,54
8.75,-7.95,3.42,2.85,0.85,2.35,-0.75,32.44,58
8.80,-8.46,2.97,1.96,0.83,1.79,-0.83,32.41,57
8.85,-8.97,2.20,0.39,0.46,1.47,-0.58,32.42,55
8.90,-9.45,2.17,-0.72,0.18,0.64,-0.34,32.42,43
8.95,-9.19,1.90,0.39,0.18,0.02,0.03,32.42,40
9.00,-9.47,2.45,-0.50,0.17,0.17,-0.11,32.42,36
9.05,-9.28,2.14,-0.12,0.44,0.35,-0.72,32.43,35
9.10,-8.86,1.79,0.48,0.49,1.70,-1.02,32.42,42
9.15,-9.59,0.42,-2.24,0.52,3.77,-1.84,32.42,45
9.20,-16.69,2.52,-4.08,-0.23,2.79,-0.71,32.44,41
9.25,-5.83,2.62,4.91,0.23,-3.91,1.60,32.44,29
9.30,-4.87,4.86,5.57,-0.15,-3.73,1.16,32.42,17
9.35,-7.13,3.08,4.83,-0.73,-4.29,2.34,32.42,4
9.40,-9.61,6.34,3.73,-0.56,-4.11,1.79,32.43,9
9.45,-12.21,7.84,4.67,-0.49,-2.27,1.62,32.43,4
9.50,-10.54,3.09,5.23,-0.07,-2.40,1.62,32.44,13
9.55,-8.79,3.12,1.76,0.83,-1.51,0.80,32.42,10
9.60,-8.16,2.12,2.65,0.03,-0.72,0.60,32.41,22
9.65,-4.69,5.46,4.96,0.07,-0.26,0.45,32.43,29
9.70,-5.73,3.58,2.26,0.02,0.55,0.03,32.42,24
9.75,-6.14,6.62,1.00,-0.17,0.46,-1.14,32.43,26
9.80,-6.47,1.76,7.70,-0.34,3.00,-1.19,32.42,36
9.85,-5.41,5.18,6.72,0.32,0.10,-0.02,32.44,31
9.90,-5.23,3.71,6.33,0.18,-0.00,0.07,32.45,35
9.95,-5.38,4.75,5.88,0.70,-0.07,0.31,32.42,38
10.00,-4.96,5.39,5.55,0.09,-0.03,-0.06,32.45,37
10.05,-5.01,4.94,5.74,-0.23,-0.01,-0.20,32.44,31
10.10,-5.54,5.25,5.52,-1.21,-0.62,-0.83,32.42,26
10.15,-4.75,1.91,7.13,-0.59,-0.07,-0.37,32.43,29
10.20,-5.02,2.52,7.01,-0.14,0.16,-0.07,32.44,39
10.25,-5.14,2.96,7.18,0.24,0.91,0.03,32.42,39
10.30,-5.54,3.65,6.52,0.37,1.68,-0.28,32.45,52
10.35,-6.51,3.42,5.14,0.61,2.72,-0.76,32.44,58
10.40,-8.07,3.21,3.28,1.14,2.92,-1.06,32.44,55
10.45,-8.87,2.63,0.66,1.02,2.72,-1.46,32.44,65
10.50,-9.34,0.48,-1.65,0.67,2.20,-1.45,32.45,56
10.55,-9.50,0.23,-2.93,0.30,1.42,-0.64,32.43,42
10.60,-9.47,0.40,-3.65,0.27,0.69,-0.51,32.44,37
10.65,-9.63,-0.29,-2.10,0.34,0.97,-0.68,32.44,34
10.70,-12.38,-0.33,-4.27,0.04,3.32,-0.36,32.43,30
10.75,-19.08,6.13,2.36,-0.99,0.48,0.00,32.44,24
10.80,-1.99,4.77,3.24,0.26,-3.96,0.79,32.47,22
10.85,-3.71,5.81,3.39,-0.68,-4.36,1.69,32.45,14
10.90,-6.79,2.74,4.19,-0.11,-4.12,2.36,32.44,0
10.95,-11.57,7.83,6.85,-0.06,-4.24,2.02,32.45,0
11.00,-10.25,4.50,5.33,-0.22,-2.53,1.86,32.46,6
11.05,-10.21,3.59,3.16,0.57,-2.42,1.37,32.43,15
11.10,-13.59,4.98,3.72,0.64,-0.68,1.00,32.45,21
11.15,-6.68,4.83,2.36,0.15,0.20,0.69,32.46,31
11.20,-5.81,5.20,2.28,-0.15,0.53,0.32,32.44,29
11.25,-5.28,5.33,3.69,-0.94,1.34,-0.39,32.44,36
11.30,-9.62,3.78,13.13,-0.23,1.50,-2.85,32.44,37
11.35,-7.73,0.42,7.56,-0.53,0.03,-0.40,32.45,34
11.40,-5.24,3.30,6.45,0.12,-0.14,-0.00,32.45,32
11.45,-4.95,4.65,6.10,0.42,-0.12,0.06,32.47,38
11.50,-4.86,3.92,6.39,0.07,-0.12,-0.07,32.45,37
11.55,-4.77,4.88,6.15,-0.17,-0.17,-0.28,32.45,29
11.60,-4.89,3.53,6.78,0.07,0.15,-0.11,32.46,38
11.65,-5.21,3.91,6.65,0.55,1.15,-0.18,32.47,41
11.70,-6.11,4.15,5.50,0.68,1.93,-0.45,32.45,43
11.75,-6.92,4.41,3.95,0.42,2.13,-0.78,32.44,47
11.80,-7.89,3.52,2.70,0.31,2.22,-1.36,32.44,53
11.85,-8.50,2.45,1.00,0.49,2.44,-1.22,32.45,56
11.90,-9.06,2.04,-0.72,0.49,2.44,-1.37,32.45,51
11.95,-9.43,0.76,-3.03,0.38,1.78,-1.06,32.46,40
12.00,-9.35,-0.45,-3.91,0.49,0.47,-0.85,32.44,31
12.05,-9.29,-0.61,-2.72,0.26,0.44,0.14,32.45,34
12.10,-10.00,1.31,-3.62,0.33,2.30,-0.87,32.44,35
12.15,-14.53,3.11,-2.58,0.20,3.30,-1.54,32.48,29
12.20,-16.51,11.39,11.29,0.46,-4.37,1.59,32.46,35
12.25,-8.27,2.53,6.89,-0.34,-4.22,1.75,32.44,39
12.30,-6.56,2.30,4.30,-0.11,-4.37,1.61,32.46,8
12.35,-9.33,6.91,3.54,-0.73,-4.04,1.98,32.45,12
12.40,-11.13,8.16,4.63,-0.79,-2.48,3.01,32.47,14
12.45,-9.09,5.00,5.45,-0.38,-1.87,2.04,32.47,13
12.50,-11.03,2.53,4.85,0.81,-2.18,1.43,32.47,12
12.55,-9.41,4.23,0.54,0.92,-1.79,0.35,32.46,36
12.60,-5.70,4.42,2.87,0.06,0.40,0.35,32.47,46
12.65,-5.69,5.73,2.56,-0.24,0.95,0.16,32.44,44
12.70,-15.59,8.29,7.82,-1.17,3.13,-1.70,32.47,32
12.75,-3.14,6.68,4.22,0.30,2.29,-1.18,32.46,28
12.80,-9.59,6.17,5.33,-0.34,0.01,-0.57,32.46,34
12.85,-5.36,4.03,6.28,-0.10,-0.26,-0.16,32.47,36
12.90,-5.29,4.33,6.14,0.10,-0.14,0.00,32.46,34
12.95,-5.15,4.73,6.04,-0.08,-0.19,-0.15,32.46,28
13.00,-5.02,4.54,6.33,-0.18,-0.07,-0.27,32.46,31
13.05,-5.39,3.20,6.88,0.03,0.49,-0.33,32.47,37
13.10,-5.58,3.95,6.35,0.33,1.47,-0.44,32.47,39
13.15,-6.65,3.32,5.18,0.16,2.44,-0.82,32.45,50
13.20,-7.84,2.72,3.19,0.58,2.98,-1.24,32.47,65
13.25,-8.59,2.36,1.47,0.87,2.84,-1.24,32.47,62
13.30,-9.52,0.47,-1.86,0.66,2.61,-1.12,32.46,41
13.35,-9.34,0.78,-2.99,0.30,0.79,-0.39,32.45,22
13.40,-9.53,1.38,-2.04,0.07,-0.14,-0.18,32.46,18
13.45,-9.64,0.65,-1.88,0.34,0.16,-0.22,32.45,22
13.50,-9.40,0.64,-1.88,0.59,0.62,-0.67,32.45,37
13.55,-10.10,0.47,-3.07,-0.13,1.60,-0.79,32.47,42
13.60,-17.01,1.92,-3.53,0.67,2.02,0.62,32.45,30
13.65,-13.45,8.87,9.30,0.11,-2.23,0.42,32.46,28
13.70,-5.12,5.35,6.12,0.52,-2.92,0.09,32.48,25
13.75,-5.73,3.36,5.04,0.34,-3.67,2.03,32.47,26
13.80,-8.45,4.77,5.39,-0.20,-4.08,2.32,32.45,9
13.85,-11.54,7.05,4.41,-0.49,-3.18,2.36,32.47,11
13.90,-9.75,5.48,5.25,-0.51,-2.46,2.16,32.48,21
13.95,-12.17,4.78,5.58,0.54,-1.94,1.72,32.48,22
14.00,-10.59,2.00,1.95,0.92,-1.23,0.83,32.47,29
14.05,-6.22,4.40,-0.01,0.07,-0.49,0.20,32.46,38
14.10,-6.42,3.73,4.10,-0.52,0.99,0.45,32.46,34
14.15,-3.20,5.06,3.42,-0.57,1.09,-0.89,32.47,35
14.20,-6.47,6.65,9.50,-0.16,2.37,-1.35,32.47,32
14.25,-5.09,17.30,1.07,-0.17,-0.21,0.10,32.46,25
14.30,-4.55,5.89,5.75,0.11,-0.16,0.01,32.47,33
14.35,-5.19,4.65,6.00,-0.02,-0.11,0.09,32.46,36
14.40,-4.96,4.82,6.09,-0.40,-0.20,-0.37,32.46,21
14.45,-4.71,3.26,6.79,-0.35,-0.17,-0.38,32.47,25
14.50,-5.09,3.47,6.84,0.01,0.24,-0.31,32.47,28
14.55,-5.26,2.89,7.10,0.27,1.11,-0.60,32.49,38
14.60,-6.14,2.91,5.68,0.22,2.25,-0.56,32.45,50
14.65,-7.49,2.30,4.20,1.17,3.24,-1.03,32.48,67
14.70,-8.13,2.52,1.29,1.28,3.41,-1.42,32.47,54
14.75,-9.38,0.30,-1.74,0.97,3.40,-1.51,32.46,43
14.80,-9.18,1.02,-4.41,0.26,1.53,-0.34,32.47,39
14.85,-9.83,0.72,-4.65,-0.13,-1.14,-0.87,32.47,33
14.90,-9.03,-1.14,-0.68,0.09,-0.55,-0.15,32.47,23
14.95,-9.48,0.56,-2.50,0.06,0.59,-0.24,32.47,24
15.00,-9.90,0.50,-1.51,0.08,1.49,-1.22,32.45,32
15.05,-14.38,-1.07,-4.76,0.50,2.71,-1.07,32.44,25
15.10,-19.44,2.58,8.21,0.72,-0.72,-0.01,32.48,32
15.15,-3.62,4.23,3.52,0.16,-3.65,2.40,32.48,33
15.20,-6.04,4.32,6.16,0.15,-4.24,2.85,32.49,21
15.25,-9.28,3.93,6.30,0.23,-4.32,2.44,32.47,12
15.30,-10.92,6.68,5.10,0.04,-3.76,2.18,32.50,15
15.35,-11.71,7.50,7.25,-0.16,-2.00,2.40,32.47,12
15.40,-11.70,2.52,2.48,0.13,-1.12,1.57,32.48,19
15.45,-7.64,4.11,1.52,0.14,-0.70,0.43,32.47,30
15.50,-4.83,4.20,5.32,-0.48,-0.16,0.44,32.47,35
15.55,-7.58,3.55,2.46,-0.04,0.26,0.25,32.49,39
15.60,15.07,-0.25,6.52,-0.05,1.63,-1.48,32.47,36
15.65,-4.78,1.95,6.81,0.20,1.76,-0.57,32.48,39
15.70,-7.01,8.13,4.64,0.03,-0.31,-0.33,32.48,34
15.75,-4.92,5.02,5.70,0.05,-0.12,0.07,32.46,40
15.80,-5.20,4.92,5.66,-0.18,-0.16,-0.11,32.47,30
15.85,-5.40,4.32,5.91,0.14,-0.06,-0.01,32.50,31
15.90,-4.74,4.95,5.89,-0.07,-0.01,-0.11,32.50,38
15.95,-5.09,4.36,6.05,-0.10,-0.01,-0.21,32.49,32
16.00,-5.25,4.33,6.13,0.32,0.33,-0.22,32.46,40
16.05,-5.38,5.32,6.04,0.47,1.06,-0.45,32.47,35
16.10,-6.33,3.73,5.28,0.23,1.56,-0.83,32.48,45
16.15,-7.20,3.94,3.75,0.29,1.91,-0.83,32.48,48
16.20,-8.10,3.47,2.40,0.41,1.86,-1.06,32.47,54
16.25,-8.76,3.08,1.64,0.18,1.53,-1.12,32.48,44
16.30,-8.82,2.29,0.89,0.25,1.82,-1.36,32.46,38
16.35,-9.13,0.37,-1.29,0.57,2.19,-1.56,32.50,31
16.40,-9.56,-0.51,-3.62,0.25,1.23,-0.93,32.47,32
16.45,-9.61,-0.64,-3.39,0.23,0.20,-0.32,32.47,32
16.50,-9.46,-0.60,-2.99,0.32,0.28,-0.26,32.49,31
16.55,-9.75,-1.00,-2.98,0.32,1.50,-0.43,32.48,27
16.60,-17.13,-0.04,-4.55,0.60,3.42,0.63,32.48,26
16.65,-19.17,4.21,10.85,0.71,-1.59,0.64,32.47,22
16.70,-4.41,5.45,3.72,-0.10,-3.92,1.05,32.47,2
16.75,-7.10,5.38,3.81,-0.07,-4.37,2.39,32.48,32
16.80,-10.55,4.91,5.47,-0.08,-4.34,2.61,32.49,41
16.85,-11.05,6.74,3.17,-0.42,-3.71,2.37,32.49,22
16.90,-11.35,6.74,5.53,-0.44,-2.04,2.02,32.47,15
16.95,-11.21,3.50,3.13,0.60,-1.14,1.74,32.48,18
17.00,-8.45,4.39,3.17,0.31,-1.20,0.48,32.48,36
17.05,-5.63,3.45,5.00,0.15,-0.34,0.26,32.49,35
17.10,-4.87,5.39,2.62,0.10,-0.22,0.03,32.47,38
17.15,-6.90,4.16,2.07,-0.43,0.73,-0.21,32.49,35
17.20,-13.20,1.75,3.17,-1.51,2.91,-2.22,32.48,35
17.25,-7.04,1.04,7.71,0.57,1.79,-0.76,32.48,36
17.30,-6.12,5.98,5.45,0.01,-0.02,-0.06,32.49,33
17.35,-4.95,4.19,5.95,0.32,-0.06,0.06,32.48,33
17.40,-5.12,5.43,5.57,0.52,-0.05,0.33,32.49,19
17.45,-5.13,5.04,5.70,0.12,-0.07,-0.10,32.47,30
17.50,-4.83,4.96,5.81,0.09,0.02,-0.16,32.47,29
17.55,-4.93,5.16,5.85,0.16,0.09,-0.58,32.47,23
17.60,-5.75,4.38,5.56,0.46,0.66,-0.34,32.48,30
17.65,-5.99,5.79,4.85,0.04,1.08,-0.73,32.48,32
17.70,-6.69,3.13,5.06,0.19,1.36,-0.97,32.47,43
17.75,-7.39,3.07,3.72,0.30,1.93,-0.70,32.47,40
17.80,-8.25,3.67,1.97,0.46,1.91,-0.86,32.48,36
17.85,-8.74,2.58,0.84,0.43,1.83,-0.99,32.48,34
17.90,-9.16,1.97,-0.45,0.42,1.54,-0.83,32.49,39
17.95,-9.31,1.73,-1.58,0.45,1.30,-0.89,32.48,38
18.00,-9.25,0.56,-2.75,0.46,0.66,-0.87,32.49,37
18.05,-9.46,0.57,-2.22,0.26,0.33,-0.52,32.49,32
18.10,-9.31,0.46,-2.77,0.12,0.78,-0.67,32.49,32
18.15,-9.51,-0.93,-2.75,0.25,1.90,-0.70,32.50,33
18.20,-18.39,0.18,-5.52,0.11,2.56,0.02,32.50,22
18.25,-10.66,6.07,7.45,0.80,-4.37,1.65,32.47,41
18.30,-4.80,6.32,6.73,-0.12,-3.05,0.91,32.49,32
18.35,-6.30,3.34,5.74,0.01,-3.74,1.72,32.48,32
18.40,-9.97,6.45,4.63,-0.44,-4.09,2.10,32.49,27
18.45,-13.76,7.42,3.21,-0.61,-3.60,2.26,32.50,18
18.50,-11.12,3.25,6.42,0.27,-1.74,2.38,32.48,10
18.55,-11.16,5.34,4.29,0.13,-1.86,1.24,32.48,17
18.60,-11.02,2.72,3.61,0.17,-0.71,0.14,32.47,32
18.65,-4.06,5.24,1.76,0.03,-0.13,0.13,32.49,39
18.70,-5.54,4.80,2.76,0.09,0.30,0.36,32.49,37
18.75,-6.93,3.01,3.66,-0.76,0.91,-1.30,32.49,31
18.80,-13.34,5.41,16.09,-0.79,3.47,-3.24,32.50,31
18.85,-6.69,1.54,6.64,0.49,-0.12,0.15,32.49,41
18.90,-5.26,5.58,5.50,0.21,-0.18,-0.02,32.50,31
18.95,-5.16,3.73,6.29,0.15,-0.08,0.07,32.47,28
19.00,-5.12,4.40,6.22,-0.27,-0.21,-0.31,32.48,25
19.05,-4.73,3.54,6.59,0.14,-0.08,-0.00,32.47,22
19.10,-4.91,3.73,6.77,0.10,0.16,-0.23,32.49,32
19.15,-5.50,3.74,6.51,0.52,1.37,-0.32,32.49,37
19.20,-6.43,4.12,5.10,0.71,2.14,-0.89,32.48,49
19.25,-7.37,3.15,3.80,0.95,2.55,-0.77,32.47,51
19.30,-8.29,3.56,1.29,0.64,2.25,-1.01,32.48,36
19.35,-9.39,2.68,0.09,0.48,1.88,-0.85,32.48,33
19.40,-9.39,2.21,-1.63,0.26,1.33,-0.88,32.47,38
19.45,-9.21,0.67,-1.42,0.31,0.40,-0.42,32.45,35
19.50,-9.66,2.17,-2.34,0.05,0.49,-0.42,32.47,39
19.55,-9.38,1.35,-1.71,0.46,0.40,-0.62,32.47,35
19.60,-9.47,0.56,-2.31,0.17,0.81,-0.64,32.49,30
19.65,-9.59,0.91,-2.63,0.07,1.00,-0.21,32.49,29
19.70,-14.56,2.12,-2.91,0.30,3.61,-0.52,32.48,31
19.75,-13.37,7.89,10.18,0.02,-3.33,1.49,32.48,48
19.80,-5.71,4.26,6.23,-0.14,-3.40,1.23,32.49,34
19.85,-5.11,4.69,2.15,-0.47,-4.37,1.33,32.48,29
19.90,-9.29,6.01,3.01,-0.60,-4.06,1.61,32.48,16
19.95,-11.30,6.68,3.93,-0.40,-2.86,2.35,32.48,8
20.00,-9.77,5.52,4.33,0.32,-2.34,1.73,32.48,9
20.05,-9.41,4.23,5.04,0.11,-1.26,1.13,32.47,7
20.10,-9.17,2.29,2.76,1.01,-1.15,1.82,32.49,25
20.15,-7.69,4.96,1.83,0.36,-0.94,-0.03,32.48,23
20.20,-4.98,6.12,1.33,-0.37,1.25,0.54,32.47,28
20.25,10.74,-2.93,4.88,-0.04,2.45,-0.91,32.48,35
20.30,-2.48,11.12,2.07,0.01,1.87,-0.84,32.48,45
20.35,-8.33,13.64,1.66,0.52,-0.51,-0.48,32.46,43
20.40,-4.85,5.04,5.80,-0.23,-0.22,-0.11,32.46,43
20.45,-4.93,5.32,5.81,-0.55,-0.07,-0.34,32.47,40
20.50,-5.18,3.11,6.41,-0.61,-0.19,-0.49,32.47,32
20.55,-5.10,4.98,5.95,0.10,0.01,0.01,32.50,29
20.60,-4.98,3.63,6.58,-0.11,0.05,-0.17,32.48,31
20.65,-5.25,3.95,6.65,-0.05,0.52,-0.07,32.47,38
20.70,-5.65,3.94,6.04,0.27,1.37,-0.39,32.49,42
20.75,-6.67,4.45,5.14,0.23,2.39,-1.07,32.48,49
20.80,-7.91,1.89,3.29,0.20,2.85,-1.24,32.48,51
20.85,-8.22,1.70,2.13,1.36,2.98,-1.04,32.47,43
20.90,-9.67,1.05,-2.68,0.52,2.80,-1.00,32.46,29
20.95,-9.37,0.86,-3.44,0.41,0.64,-0.82,32.47,35
21.00,-9.41,0.11,-1.78,0.15,-0.22,0.06,32.47,41
21.05,-9.56,1.35,-2.17,0.18,0.13,0.07,32.48,27
21.10,-9.43,1.38,-1.57,0.24,0.24,-0.40,32.49,25
21.15,-9.08,0.90,-3.13,0.39,0.95,-0.48,32.47,27
21.20,-9.87,0.44,-2.74,-0.18,1.49,-1.04,32.47,32
21.25,-17.26,3.71,-2.95,0.28,1.98,0.02,32.48,35
21.30,-8.13,8.10,7.79,0.30,-2.49,1.53,32.47,46
21.35,-4.77,3.75,8.14,-0.14,-3.73,1.05,32.47,44
21.40,-5.85,5.12,7.84,0.08,-4.32,1.45,32.49,34
21.45,-11.28,5.35,7.28,0.09,-4.37,2.47,32.47,30
21.50,-11.97,5.18,4.48,0.25,-3.41,2.54,32.47,8
21.55,-11.84,6.95,5.49,-0.16,-2.58,1.66,32.49,11
21.60,-14.46,2.44,2.06,0.76,-0.46,1.83,32.47,25
21.65,-7.64,4.76,0.12,-0.04,-0.60,-0.04,32.48,42
21.70,-10.00,2.33,0.31,0.48,0.33,-0.49,32.49,28
21.75,-20.31,1.27,3.61,-0.92,2.00,-2.36,32.49,21
21.80,-14.93,7.86,18.03,-1.02,2.19,-0.89,32.47,31
21.85,-5.44,6.82,4.67,-0.59,-0.28,-0.31,32.48,36
21.90,-5.14,4.18,6.00,-0.23,-0.15,-0.28,32.48,30
21.95,-5.31,3.92,6.08,-0.49,-0.33,-0.54,32.48,28
22.00,-4.94,2.81,6.60,-0.39,-0.21,-0.31,32.49,38
22.05,-5.12,2.77,6.71,-0.13,0.01,-0.11,32.49,30
22.10,-5.28,2.97,7.01,0.07,0.53,0.14,32.44,41
22.15,-5.72,3.40,6.48,0.31,1.25,-0.13,32.47,39
22.20,-6.29,3.60,5.66,0.47,2.09,-0.58,32.47,31
22.25,-7.70,2.65,3.79,0.89,3.15,-1.14,32.47,38
22.30,-8.58,1.65,1.69,1.24,3.60,-1.09,32.48,36
22.35,-9.63,1.39,-2.94,0.46,2.44,-0.85,32.47,31
22.40,-9.60,2.19,-3.34,-0.04,0.34,-0.77,32.47,34
22.45,-9.32,-0.30,-1.63,0.18,-0.17,-0.06,32.48,33
22.50,-9.58,1.54,-2.26,0.10,0.16,-0.08,32.47,33
22.55,-9.23,-0.17,-2.13,0.24,-0.02,-0.09,32.49,29
22.60,-9.54,0.92,-2.26,0.18,0.34,0.02,32.48,32
22.65,-9.38,1.02,-2.27,0.03,0.64,-0.73,32.49,39
22.70,-9.51,0.35,-2.53,-0.15,1.94,-1.04,32.48,42
22.75,-21.27,2.35,-3.38,1.08,3.52,-0.69,32.48,32
22.80,-16.97,9.62,9.00,1.75,-2.25,0.21,32.46,22
22.85,-3.17,3.50,3.80,0.16,-3.10,1.71,32.47,30
22.90,-6.98,3.86,3.54,-0.50,-4.37,2.78,32.48,37
22.95,-10.83,3.58,2.83,-0.72,-4.37,3.08,32.47,21
23.00,-11.87,7.52,2.03,-0.65,-3.46,2.68,32.49,16
23.05,-11.50,6.62,6.52,-0.30,-1.95,2.10,32.49,14
23.10,-12.82,2.60,5.11,0.58,-1.63,1.18,32.47,23
23.15,-7.43,4.09,2.12,0.68,-1.27,0.67,32.50,28
23.20,-7.34,2.84,-0.55,0.46,-0.04,0.63,32.49,35
23.25,-6.62,5.88,-0.37,-0.71,1.03,-0.70,32.48,31
23.30,-9.84,6.00,12.01,0.19,2.22,-1.85,32.46,36
23.35,-6.88,6.12,5.05,-0.41,-0.02,-0.25,32.47,27
23.40,-5.47,4.68,5.84,-0.45,-0.26,-0.44,32.48,29
23.45,-5.14,2.03,6.75,-0.32,-0.29,-0.34,32.46,30
23.50,-5.26,4.12,6.28,-0.12,-0.13,-0.19,32.48,35
23.55,-5.32,3.61,6.77,-0.14,0.35,-0.08,32.49,27
23.60,-5.25,3.84,6.70,0.25,1.19,-0.47,32.48,15
23.65,-6.04,3.47,5.61,0.40,2.00,-0.80,32.47,33
23.70,-7.17,2.50,3.85,0.10,2.79,-0.92,32.47,52
23.75,-8.66,2.97,1.63,0.87,2.41,-1.13,32.47,54
23.80,-8.33,0.49,1.45,1.01,3.31,-1.38,32.45,50
23.85,-9.47,1.73,-3.89,-0.23,2.29,-0.29,32.47,41
23.90,-9.37,0.06,-4.39,-0.48,-0.44,-0.69,32.46,37
23.95,-9.36,0.59,-1.14,0.21,-0.25,0.30,32.46,29
24.00,-9.65,1.92,-2.59,0.20,0.27,-0.41,32.48,34
24.05,-9.35,0.24,-2.38,0.55,0.33,-0.69,32.47,35
24.10,-9.40,0.36,-2.44,0.37,0.74,-0.22,32.47,32
24.15,-9.83,0.54,-2.35,-0.07,2.02,-0.66,32.49,32
24.20,-19.12,-0.22,-5.22,1.07,3.09,-0.09,32.47,30
24.25,-15.43,9.74,8.96,0.96,-2.64,0.96,32.48,34
24.30,-4.86,2.78,6.56,0.52,-3.37,1.79,32.48,32
24.35,-5.75,3.30,3.58,-0.06,-4.37,1.90,32.47,28
24.40,-10.61,3.84,4.08,0.04,-4.37,2.77,32.48,30
24.45,-11.70,6.96,2.16,-0.64,-3.30,2.04,32.47,17
24.50,-10.50,6.09,3.94,-0.27,-1.78,2.96,32.47,18
24.55,-13.04,4.38,4.95,0.43,-1.26,1.63,32.47,27
24.60,-7.12,4.40,0.57,0.42,-0.80,0.26,32.47,17
24.65,-5.34,4.89,1.91,0.21,-0.24,0.07,32.47,33
24.70,-5.75,6.10,2.01,-0.06,0.16,0.30,32.46,34
24.75,-4.23,4.64,1.02,-0.71,1.05,-0.79,32.48,30
24.80,-11.57,5.86,13.96,0.15,3.20,-2.13,32.47,31
24.85,-6.17,5.46,5.62,-0.40,-0.33,-0.35,32.47,29
24.90,-5.20,4.64,5.74,-0.18,-0.31,-0.13,32.50,28
24.95,-4.87,3.66,6.44,-0.36,-0.24,-0.30,32.47,28
25.00,-4.69,4.44,6.30,-0.30,-0.23,-0.28,32.48,26
25.05,-4.98,3.30,7.01,0.19,0.44,-0.17,32.48,23
25.10,-5.59,3.89,6.06,0.75,1.66,-0.22,32.49,15
25.15,-6.58,4.85,4.59,1.05,2.21,-0.66,32.46,39
25.20,-7.72,4.06,2.89,0.73,2.02,-1.09,32.47,37
25.25,-8.32,2.98,1.91,0.37,1.76,-0.89,32.46,36
25.30,-8.57,2.96,0.49,0.36,1.66,-0.84,32.46,45
25.35,-9.08,2.40,-1.00,0.32,1.54,-1.04,32.48,39
25.40,-9.56,1.43,-1.98,0.23,0.99,-0.88,32.47,45
25.45,-9.50,0.93,-1.97,0.26,0.29,-0.48,32.46,49
25.50,-9.79,0.95,-2.33,0.21,0.19,-0.19,32.45,43
25.55,-9.39,0.28,-2.29,0.27,0.09,-0.21,32.47,42
25.60,-9.36,0.52,-2.14,0.51,0.54,-0.20,32.46,38
25.65,-9.26,0.50,-3.02,0.41,0.88,-0.72,32.47,38
25.70,-9.71,-0.43,-3.11,0.14,1.42,-0.39,32.47,37
25.75,-12.99,-1.28,-3.81,0.01,3.26,-0.57,32.47,30
25.80,-13.23,5.84,8.78,1.92,-4.24,2.27,32.48,22
25.85,-6.92,2.73,6.57,-0.19,-4.04,1.49,32.47,29
25.90,-5.36,3.82,5.63,0.00,-4.32,0.67,32.47,30
25.95,-7.38,6.08,4.44,-0.11,-3.91,1.48,32.48,23
26.00,-11.02,9.08,3.07,-0.15,-3.02,2.29,32.47,21
26.05,-11.56,7.17,4.10,-0.10,-1.73,3.46,32.48,16
26.10,-10.29,1.99,3.85,0.38,-1.09,1.74,32.47,17
26.15,-11.27,3.01,2.78,1.18,-1.39,0.17,32.47,35
26.20,-5.40,5.49,1.73,0.03,-0.09,0.11,32.45,28
26.25,-4.44,4.00,4.94,-0.70,0.97,1.15,32.47,31
26.30,-6.92,4.46,3.65,0.24,0.17,-0.25,32.45,19
26.35,-4.91,14.91,13.85,-0.08,3.68,-2.07,32.48,27
26.40,-11.26,10.58,7.19,0.13,0.33,-0.51,32.46,37
26.45,-5.89,4.92,5.71,0.19,-0.20,-0.08,32.46,34
26.50,-4.93,5.54,5.62,0.04,-0.20,0.01,32.45,31
26.55,-5.36,4.47,5.91,-0.33,-0.28,-0.40,32.46,28
26.60,-4.86,3.48,6.61,0.05,-0.07,-0.11,32.46,23
26.65,-4.51,4.20,6.73,0.30,0.16,-0.19,32.46,25
26.70,-5.54,4.17,5.95,0.77,0.82,-0.33,32.48,28
26.75,-6.02,5.03,5.25,0.87,1.59,-0.68,32.46,39
26.80,-6.83,4.41,4.08,0.40,1.90,-0.95,32.46,39
26.85,-7.92,3.07,2.73,0.55,1.94,-0.65,32.46,39
26.90,-8.44,3.70,1.09,0.64,1.89,-0.98,32.46,47
26.95,-9.02,3.49,-0.18,0.26,1.92,-1.36,32.46,40
27.00,-9.14,0.94,-1.26,0.05,0.91,-1.14,32.49,31
27.05,-9.55,0.78,-2.49,0.15,0.55,-0.42,32.47,38
27.10,-9.48,1.45,-1.81,0.20,-0.06,-0.16,32.49,40
27.15,-9.52,1.22,-1.23,0.32,-0.25,0.17,32.47,37
27.20,-9.45,1.47,-1.78,0.41,0.15,-0.14,32.46,34
27.25,-9.34,1.65,-1.29,0.22,0.33,-0.36,32.47,39
27.30,-9.48,2.35,-0.65,0.14,1.13,-0.51,32.46,37
27.35,-10.75,0.65,-3.26,0.67,3.01,-1.43,32.47,37
27.40,-22.58,4.98,1.23,0.01,1.54,-0.22,32.49,37
27.45,-8.09,1.49,9.35,0.28,-3.13,1.32,32.47,39
27.50,-4.46,4.76,5.81,-0.16,-4.37,0.50,32.47,42
27.55,-6.72,5.57,3.88,-0.51,-4.37,2.38,32.47,27
27.60,-12.21,6.69,4.75,-0.17,-3.62,3.06,32.47,19
27.65,-12.16,6.70,5.74,-0.27,-2.92,2.10,32.48,6
27.70,-13.12,2.40,2.73,0.87,-1.85,1.59,32.48,13
27.75,-13.32,0.85,-2.88,0.51,-0.94,0.88,32.48,23
27.80,-4.54,5.85,1.38,0.02,0.09,-0.14,32.47,28
27.85,-8.49,2.42,0.90,-0.99,1.25,-0.40,32.47,22
27.90,-11.57,5.23,13.60,-0.73,2.56,-1.86,32.49,29
27.95,-5.51,2.61,7.05,-0.09,0.07,0.01,32.48,20
28.00,-5.12,6.11,5.54,0.02,-0.14,-0.10,32.47,33
28.05,-5.48,3.65,6.12,-0.15,-0.20,-0.14,32.47,29
28.10,-5.02,4.76,6.09,-0.20,-0.23,-0.26,32.47,26
28.15,-4.15,4.40,7.06,0.23,0.28,-0.02,32.48,29
28.20,-5.33,4.07,6.47,0.50,0.90,-0.42,32.49,25
28.25,-5.89,4.36,5.48,0.80,1.96,-0.75,32.47,28
28.30,-7.51,3.71,3.85,1.02,2.39,-0.97,32.46,31
28.35,-7.92,3.73,1.91,1.09,2.15,-1.16,32.44,32
28.40,-8.81,2.64,0.57,0.44,2.09,-1.18,32.47,40
28.45,-9.25,2.05,-1.27,0.00,1.95,-1.29,32.48,39
28.50,-9.52,0.96,-2.89,0.07,1.18,-1.00,32.47,41
28.55,-9.44,0.87,-2.69,0.10,0.32,-0.47,32.46,46
28.60,-9.50,0.55,-2.78,0.20,0.35,-0.30,32.48,47
28.65,-9.25,0.67,-2.43,0.22,0.65,-0.62,32.50,44
28.70,-9.17,-0.25,-3.61,0.04,1.06,-0.55,32.48,40
28.75,-9.57,-0.46,-3.99,-0.08,0.79,-0.18,32.46,37
28.80,-15.28,3.75,-3.56,-0.16,2.80,0.40,32.50,28
28.85,-13.10,4.66,9.36,0.83,-3.43,1.94,32.46,46
28.90,-7.23,5.68,6.65,0.41,-4.37,0.11,32.46,33
28.95,-4.63,5.55,3.39,-0.51,-4.15,1.11,32.48,24
29.00,-8.57,4.36,4.65,-0.15,-4.27,1.96,32.49,0
29.05,-10.60,7.50,3.27,-0.16,-3.30,2.50,32.48,20
29.10,-11.63,6.98,2.47,-0.04,-2.47,2.72,32.48,19
29.15,-15.33,7.00,7.41,1.33,0.51,2.44,32.47,18
29.20,-10.82,1.15,0.84,0.62,-1.26,0.21,32.49,26
29.25,-4.12,5.74,0.67,-0.05,-0.16,0.00,32.49,27
29.30,-7.17,4.54,2.06,-0.35,0.64,-0.22,32.50,23
29.35,6.19,6.85,6.93,-1.59,2.44,-1.21,32.46,23
29.40,-16.94,-2.43,19.39,-0.74,2.46,-2.79,32.47,29
29.45,-5.02,4.39,6.04,0.14,-0.43,-0.21,32.48,33
29.50,-5.95,4.38,5.81,0.41,-0.08,0.38,32.46,32
29.55,-5.23,5.24,5.59,0.29,-0.11,0.14,32.46,32
29.60,-4.73,5.09,5.82,0.25,0.05,-0.06,32.45,31
29.65,-4.84,5.07,5.86,-0.02,0.09,-0.32,32.47,28
29.70,-5.55,4.49,5.57,0.36,0.44,-0.30,32.49,32
29.75,-5.73,4.88,5.31,0.55,0.88,-0.22,32.48,22
29.80,-6.02,5.73,4.48,0.41,1.15,-0.49,32.47,36
29.85,-6.73,5.19,4.00,0.35,1.36,-0.67,32.46,42
29.90,-7.31,4.75,3.05,0.63,1.79,-1.05,32.48,42
29.95,-7.97,4.23,1.70,0.72,2.07,-1.52,32.46,57
30.00,-8.80,2.10,-0.37,0.48,2.46,-1.70,32.46,42
30.05,-9.08,1.41,-2.61,0.32,1.61,-1.47,32.46,45
30.10,-9.35,0.18,-2.36,0.44,0.78,-1.10,32.46,42
30.15,-9.26,-0.54,-3.14,0.20,0.45,-0.46,32.47,42
30.20,-9.50,0.00,-3.42,0.01,0.30,-0.21,32.44,37
30.25,-9.22,-0.13,-2.68,0.48,0.94,-0.44,32.46,37
30.30,-12.30,1.64,-5.60,0.56,3.37,-0.56,32.44,40
30.35,-20.29,3.45,-6.93,0.84,2.04,0.07,32.45,19
30.40,-7.50,7.63,2.53,1.12,-4.08,1.15,32.46,35
30.45,-5.20,2.66,5.44,-0.38,-3.68,1.88,32.46,34
30.50,-6.88,2.20,4.98,-0.15,-4.37,2.07,32.47,45
30.55,-11.65,6.82,5.47,-0.34,-4.37,2.11,32.46,31
30.60,-10.00,10.47,2.90,-1.12,-2.93,3.05,32.47,23
30.65,-11.44,4.74,6.35,-0.61,-2.10,3.63,32.46,19
30.70,-13.35,2.91,5.02,0.54,-2.37,0.82,32.48,8
30.75,-8.34,3.41,1.33,0.52,-0.98,-0.17,32.45,22
30.80,-3.58,4.76,3.99,0.24,-0.01,0.06,32.46,33
30.85,-4.99,7.18,1.53,0.02,0.56,-0.11,32.47,23
30.90,-13.22,0.92,6.31,-1.14,2.46,-1.38,32.47,27
30.95,-1.71,7.58,3.42,-0.24,0.08,-2.52,32.47,26
31.00,-5.71,3.09,7.89,0.08,1.95,0.64,32.48,37
31.05,-6.53,7.37,8.34,0.21,1.52,-0.49,32.47,25
31.10,-5.73,5.85,5.29,-0.25,-0.15,-0.30,32.46,42
31.15,-5.25,4.24,6.19,-0.02,-0.13,-0.15,32.47,30
31.20,-5.28,4.13,6.13,-0.32,-0.26,-0.34,32.46,30
31.25,-5.31,4.26,6.13,-0.34,-0.11,-0.32,32.47,33
31.30,-5.21,2.82,6.91,0.01,0.30,-0.28,32.47,37
31.35,-5.49,2.57,6.77,0.57,1.43,-0.25,32.46,49
31.40,-6.47,3.92,5.14,0.72,2.39,-0.29,32.45,42
31.45,-7.57,3.80,3.83,0.72,2.35,-0.91,32.48,32
31.50,-8.16,3.28,1.76,0.39,2.46,-1.18,32.48,41
31.55,-8.94,1.69,0.02,0.34,2.49,-1.18,32.47,23
31.60,-9.30,2.20,-1.91,0.32,1.99,-1.53,32.47,29
31.65,-9.40,-0.20,-2.72,0.50,1.63,-1.11,32.47,37
31.70,-9.28,-0.43,-4.20,0.58,1.28,-0.67,32.46,43
31.75,-9.72,-1.07,-4.08,0.26,2.36,-0.80,32.45,50
31.80,-14.21,-0.76,-7.35,-0.54,2.60,-0.22,32.48,46
31.85,-20.06,5.04,5.95,1.43,-0.09,0.25,32.47,26
31.90,-3.01,0.46,-1.81,0.35,-4.37,2.61,32.47,33
31.95,-7.94,3.39,3.06,-0.44,-4.36,2.19,32.47,43
32.00,-9.57,2.49,3.66,-0.51,-3.96,1.86,32.45,31
32.05,-8.93,8.18,0.49,-0.93,-3.16,1.88,32.45,21
32.10,-9.92,6.29,4.19,-0.67,-1.19,2.85,32.48,23
32.15,-8.68,5.86,3.51,0.03,-1.98,1.61,32.48,19
32.20,-10.04,5.88,3.96,0.75,-1.66,1.28,32.46,26
32.25,-7.87,3.87,5.64,0.34,-1.43,0.07,32.47,21
32.30,-4.91,5.66,4.03,0.09,-1.01,0.08,32.47,32
32.35,-5.87,4.55,1.24,0.34,0.06,0.15,32.47,35
32.40,-4.87,5.66,2.62,-0.23,1.01,-0.23,32.47,33
32.45,-14.26,1.45,6.56,-0.80,3.00,-2.60,32.46,27
32.50,-18.52,-9.03,18.28,-1.39,1.31,-0.95,32.46,28
32.55,-5.15,7.66,4.37,0.28,-0.43,0.13,32.46,27
32.60,-4.87,6.38,4.90,0.34,-0.14,0.12,32.46,31
32.65,-5.01,5.81,5.34,-0.29,-0.06,-0.20,32.47,31
32.70,-4.70,6.36,5.55,-0.90,-0.39,-0.66,32.47,37
32.75,-4.90,2.70,6.73,-0.76,-0.27,-0.53,32.46,39
32.80,-4.87,3.42,6.76,-0.01,0.13,0.05,32.46,33
32.85,-5.12,4.10,6.90,0.13,0.72,-0.13,32.47,24
32.90,-5.68,3.97,5.96,0.33,1.49,-0.49,32.47,34
32.95,-6.61,3.09,5.37,0.25,2.01,-0.63,32.47,34
33.00,-7.61,2.49,3.31,0.57,2.33,-0.99,32.46,48
33.05,-8.48,2.73,2.16,0.96,2.27,-0.97,32.47,32
33.10,-8.77,1.43,0.52,1.39,2.31,-1.03,32.45,36
33.15,-9.52,1.52,-2.89,1.00,1.48,-1.02,32.46,37
33.20,-9.43,0.63,-2.02,0.33,0.71,-0.58,32.45,31
33.25,-9.71,0.94,-2.24,0.20,0.61,0.08,32.46,32
33.30,-9.56,1.45,-3.14,0.13,0.30,-0.65,32.46,32
33.35,-9.26,-0.73,-2.15,0.21,1.02,-0.43,32.47,27
33.40,-10.01,-0.08,-3.90,0.21,2.70,-0.39,32.45,26
33.45,-17.66,1.66,-8.17,-0.40,3.12,-0.26,32.45,7
33.50,-12.04,6.00,5.05,1.04,-4.37,1.50,32.47,22
33.55,-4.16,5.32,3.66,0.10,-3.92,0.82,32.46,53
33.60,-6.74,4.45,3.98,0.26,-4.31,1.61,32.47,47
33.65,-8.97,4.70,4.31,0.14,-3.85,1.72,32.48,41
33.70,-9.51,7.71,2.80,-0.41,-2.98,2.33,32.46,29
33.75,-9.98,5.39,6.44,-0.32,-1.72,2.67,32.46,25
33.80,-10.66,3.75,3.91,0.08,-1.94,1.52,32.47,18
33.85,-10.46,5.99,1.58,0.44,-1.02,1.23,32.47,23
33.90,-6.72,2.62,3.43,-0.19,-0.04,0.51,32.46,28
33.95,-4.91,4.81,2.88,-0.02,0.20,0.03,32.47,28
34.00,6.91,-1.68,1.11,0.16,2.11,-1.09,32.47,26
34.05,-1.76,9.58,0.69,0.02,2.50,-0.69,32.46,26
34.10,-6.80,4.90,5.58,-0.20,-0.09,-0.19,32.46,35
34.15,-4.79,5.88,5.79,-0.23,-0.19,-0.35,32.47,39
34.20,-5.10,3.59,6.17,-0.88,-0.38,-0.78,32.46,32
34.25,-5.16,3.89,6.42,-0.08,-0.16,-0.10,32.48,35
34.30,-4.83,2.65,6.83,-0.05,-0.06,-0.08,32.45,24
34.35,-5.09,3.54,6.81,0.05,0.18,0.03,32.47,14
34.40,-5.23,3.37,6.74,0.31,1.12,-0.22,32.46,38
34.45,-6.11,3.61,6.00,0.69,1.87,-0.62,32.48,15
34.50,-7.09,3.34,4.28,0.89,2.30,-0.81,32.48,49
34.55,-7.91,2.56,2.74,1.31,2.63,-0.97,32.47,55
34.60,-9.55,2.57,-0.36,0.70,2.87,-1.28,32.46,35
34.65,-9.25,1.62,-2.31,0.44,1.71,-0.92,32.46,39
34.70,-9.78,0.83,-2.50,0.21,0.77,-0.31,32.47,31
34.75,-9.30,0.99,-2.88,0.20,0.21,-0.27,32.47,33
34.80,-9.45,1.58,-2.60,0.15,0.54,-0.28,32.46,31
34.85,-9.28,1.04,-3.44,0.16,0.42,-0.56,32.44,21
34.90,-9.18,-0.53,-3.10,0.57,0.81,-0.52,32.48,27
34.95,-9.22,-1.15,-4.87,0.18,2.19,-0.03,32.46,28
35.00,-13.24,0.44,-8.18,-0.57,2.06,0.02,32.48,19
35.05,-16.39,4.27,6.03,2.56,-1.28,1.21,32.49,23
35.10,-4.22,0.48,3.20,0.71,-4.12,2.03,32.48,37
35.15,-5.06,1.10,3.30,-0.17,-4.37,1.68,32.47,32
35.20,-10.66,2.65,0.79,-1.27,-4.37,2.08,32.48,42
35.25,-13.99,4.54,-3.18,-1.85,-2.04,2.64,32.48,32
35.30,-12.11,2.61,-0.64,-1.21,-1.15,1.02,32.47,21
35.35,-11.51,6.23,-0.86,-0.30,-0.14,0.42,32.47,30
35.40,-27.45,6.97,17.83,-0.92,0.24,-0.48,32.49,26
35.45,-8.01,5.41,4.26,0.07,-0.24,-0.39,32.47,30
35.50,-5.59,4.65,5.59,0.17,0.04,0.08,32.47,36
35.55,-5.19,4.32,6.02,-0.03,-0.15,-0.09,32.49,34
35.60,-5.36,3.89,6.14,0.04,-0.05,-0.03,32.46,33
35.65,-5.20,4.36,6.04,0.06,0.09,-0.04,32.48,32
35.70,-5.20,3.85,6.13,0.04,0.03,-0.05,32.47,32
35.75,-5.23,4.09,6.07,0.10,0.07,-0.09,32.47,35
35.80,-5.37,3.92,6.12,0.03,-0.01,-0.16,32.47,36
35.85,-5.36,3.81,6.12,0.18,0.07,-0.09,32.48,37
35.90,-5.34,3.81,6.16,0.05,-0.13,-0.05,32.47,36
35.95,-5.36,3.76,6.13,0.03,-0.09,-0.06,32.48,35
36.00,-5.35,3.88,6.10,0.09,0.07,-0.08,32.48,38
36.05,-5.38,3.77,6.13,0.10,-0.04,-0.04,32.49,38
36.10,-5.45,3.82,6.11,0.15,0.03,-0.02,32.49,39
36.15,-5.44,3.90,6.07,0.11,-0.04,-0.01,32.48,37
36.20,-5.37,3.74,6.15,0.02,-0.11,-0.04,32.49,38
36.25,-5.40,3.81,6.16,0.10,-0.07,0.00,32.50,38
36.30,-5.34,3.85,6.20,0.09,-0.11,-0.01,32.47,37
36.35,-5.30,3.92,6.25,0.11,-0.08,-0.02,32.48,36
36.40,-5.19,4.01,6.34,0.10,-0.05,-0.03,32.49,37
36.45,-5.20,3.69,6.31,0.10,-0.06,-0.04,32.49,36
36.50,-5.09,3.79,6.33,0.16,-0.00,0.02,32.51,38
36.55,-5.21,3.98,6.26,0.13,0.02,-0.00,32.48,38
36.60,-5.05,3.93,6.24,0.12,0.06,0.00,32.49,38
36.65,-5.30,3.88,6.19,0.08,-0.02,-0.00,32.48,37
36.70,-5.23,3.91,6.19,0.09,-0.04,-0.00,32.47,36
36.75,-5.22,3.74,6.25,0.13,-0.01,0.01,32.48,35
36.80,-5.20,4.02,6.17,0.13,-0.01,0.01,32.49,35
