0.00,-4.86,3.42,6.76,0.07,-0.02,-0.01,32.59,0
0.05,-4.82,3.37,6.77,0.09,-0.02,-0.01,32.59,0
0.10,-4.82,3.42,6.76,0.09,-0.02,-0.01,32.64,0
0.15,-4.80,3.39,6.79,0.08,-0.02,-0.02,32.64,0
0.20,-4.83,3.37,6.75,0.08,-0.02,-0.02,32.65,0
0.25,-4.80,3.37,6.79,0.08,-0.02,-0.02,32.67,0
0.30,-4.83,3.34,6.74,0.11,-0.02,-0.00,32.69,0
0.35,-4.79,3.46,6.79,0.10,-0.02,-0.02,32.69,0
0.40,-4.83,3.37,6.76,0.11,-0.00,-0.01,32.70,0
0.45,-4.77,3.46,6.77,0.12,0.01,-0.02,32.71,0
0.50,-4.85,3.54,6.90,0.29,0.21,-0.17,32.72,0
0.55,-5.66,3.87,6.58,1.10,0.45,-0.77,32.71,0
0.60,-4.81,4.66,7.48,1.60,-0.30,-0.98,32.74,0
0.65,-4.67,3.30,6.96,1.20,-1.09,-0.50,32.75,0
0.70,-4.74,4.23,5.72,0.73,-0.76,-0.38,32.75,0
0.75,-4.53,3.88,4.91,0.65,-0.13,-0.21,32.75,0
0.80,-6.19,5.18,5.23,0.38,-0.03,-0.19,32.77,0
0.85,-5.77,5.03,4.79,0.05,0.30,-0.26,32.77,0
0.90,-4.86,5.44,5.11,0.06,-0.16,0.11,32.77,0
0.95,-5.62,4.98,4.99,-0.21,0.39,0.27,32.77,0
1.00,-5.76,3.73,5.21,0.08,0.22,0.02,32.79,0
1.05,-6.76,5.04,5.91,0.41,-0.03,-0.23,32.80,0
1.10,-5.56,4.99,5.38,0.14,0.19,0.00,32.80,0
1.15,-5.37,4.89,5.95,-0.02,0.09,-0.04,32.80,0
1.20,-4.99,4.74,5.55,0.08,-0.17,0.05,32.80,0
1.25,-5.45,5.62,5.37,-0.09,0.13,-0.01,32.79,0
1.30,-5.85,4.95,5.59,-0.09,0.23,0.08,32.82,0
1.35,-5.47,4.47,5.13,0.09,0.02,-0.00,32.83,0
1.40,-5.43,4.32,4.93,0.07,0.09,0.04,32.83,0
1.45,-6.79,3.86,6.81,0.06,-0.14,-0.24,32.83,0
1.50,-5.36,4.29,5.57,0.09,-0.09,-0.12,32.83,0
1.55,-5.81,4.74,5.22,0.02,0.01,0.02,32.82,0
1.60,-5.68,4.65,5.14,0.09,0.00,-0.01,32.85,0
1.65,-5.58,4.57,5.21,0.10,-0.07,-0.04,32.84,0
1.70,-5.53,4.75,5.35,0.20,-0.20,0.02,32.84,0
1.75,-5.72,4.68,5.35,0.11,-0.06,-0.00,32.87,0
1.80,-5.42,4.77,5.45,0.03,0.07,-0.04,32.85,0
1.85,-5.65,4.62,5.37,0.03,0.07,-0.04,32.86,0
1.90,-5.72,4.64,5.36,0.08,0.06,-0.09,32.88,0
1.95,-5.91,4.73,5.14,0.11,0.03,-0.03,32.85,0
2.00,-5.45,5.30,5.33,0.13,0.04,0.11,32.87,0
2.05,-5.52,5.98,4.92,0.14,-0.04,0.64,32.86,0
2.10,-5.45,4.48,5.37,0.01,0.36,0.42,32.89,0
2.15,-5.09,4.98,5.08,0.06,-0.27,0.14,32.87,0
2.20,-5.75,5.47,5.83,-0.06,-0.03,-0.08,32.87,0
2.25,-5.08,4.89,5.20,-0.02,-0.02,0.04,32.89,0
2.30,-5.22,5.15,5.12,0.05,-0.19,0.05,32.88,0
2.35,-5.38,4.87,5.30,0.05,-0.00,-0.03,32.89,0
2.40,-5.34,4.79,5.22,0.06,-0.02,-0.01,32.88,0
2.45,-5.27,5.14,5.52,0.07,-0.07,-0.03,32.90,0
2.50,-5.17,4.92,5.45,0.02,0.01,-0.00,32.91,0
2.55,-4.71,4.76,5.28,0.06,-0.13,0.04,32.91,0
2.60,-4.87,4.79,5.51,0.07,0.01,-0.06,32.89,0
2.65,-5.13,4.96,5.47,0.08,0.02,-0.03,32.92,0
2.70,-4.62,4.70,4.68,0.10,0.23,-0.17,32.91,0
2.75,-7.35,5.83,7.04,0.06,0.03,-0.14,32.91,0
2.80,-5.36,5.00,5.38,0.19,0.11,-0.07,32.91,0
2.85,-5.88,4.92,5.38,0.24,0.07,-0.09,32.92,0
2.90,-5.90,5.18,5.13,0.17,-0.00,-0.06,32.91,0
2.95,-5.85,5.21,5.56,0.15,-0.02,-0.02,32.93,0
3.00,-5.71,5.20,5.70,0.12,-0.00,0.02,32.94,0
3.05,-5.69,4.75,5.35,0.06,-0.01,-0.00,32.92,0
3.10,-5.78,4.51,4.87,0.16,-0.11,-0.02,32.92,0
3.15,-5.81,4.64,4.59,0.14,-0.11,-0.08,32.93,0
3.20,-5.71,4.61,4.58,0.14,-0.01,-0.04,32.92,0
3.25,-5.62,5.19,4.70,-0.00,0.17,-0.12,32.95,0
3.30,-6.05,5.66,5.32,-0.13,0.24,0.03,32.94,0
3.35,-5.38,5.34,5.18,-0.07,0.25,0.05,32.95,0
3.40,-5.85,4.99,5.29,0.02,0.02,0.06,32.94,0
3.45,-5.61,4.94,5.01,0.09,0.03,0.07,32.94,0
3.50,-6.22,4.80,5.33,0.19,-0.14,0.16,32.94,0
3.55,-5.69,4.60,4.78,0.12,-0.02,0.04,32.92,0
3.60,-6.49,4.95,4.86,0.20,-0.14,-0.12,32.96,0
3.65,-5.91,4.59,4.55,0.08,0.02,0.01,32.95,0
3.70,-6.24,3.86,4.56,0.01,-0.04,0.01,32.93,0
3.75,-6.23,4.65,4.39,0.02,0.00,-0.17,32.93,0
3.80,-5.66,4.33,4.48,0.09,-0.09,-0.11,32.94,0
3.85,-6.24,4.52,5.01,0.08,-0.08,-0.18,32.95,0
3.90,-6.42,4.77,5.34,0.05,-0.10,-0.11,32.95,0
3.95,-5.59,4.61,4.93,0.07,-0.11,-0.15,32.97,0
4.00,-4.50,5.44,5.31,0.04,-0.19,-0.02,32.97,0
4.05,-5.59,4.46,4.65,-0.00,-0.49,0.18,32.98,0
4.10,-5.55,4.95,5.58,-0.21,-0.38,0.07,32.96,0
4.15,-5.37,4.21,6.01,-0.11,-0.42,-0.07,32.96,0
4.20,-5.35,4.46,6.00,-0.10,-0.14,-0.03,32.98,0
4.25,-4.97,4.13,5.98,0.16,-0.20,0.01,32.97,0
4.30,-5.27,4.61,5.85,0.28,-0.08,0.05,32.97,0
4.35,-4.94,4.70,5.85,0.34,0.01,0.13,32.98,0
4.40,-5.02,4.95,5.70,0.41,-0.05,0.13,32.99,0
4.45,-4.88,5.14,5.65,0.25,0.05,0.10,32.99,0
4.50,-4.72,5.15,5.69,0.10,0.06,0.07,32.99,0
4.55,-4.83,5.82,5.25,0.07,0.13,0.02,32.99,0
4.60,-5.19,5.20,5.61,-0.07,0.05,-0.16,33.00,0
4.65,-5.18,4.14,5.99,-0.03,0.08,-0.02,32.99,0
4.70,-5.00,4.98,5.88,0.69,-0.12,0.44,32.98,1
4.75,-6.04,5.69,5.95,1.08,-0.58,0.77,33.00,0
4.80,-5.70,0.66,8.83,1.15,-1.68,-1.07,32.99,0
4.85,-5.11,3.55,6.78,0.57,-2.05,-3.10,32.99,0
4.90,-3.64,4.43,6.81,0.12,-0.92,-1.10,32.99,0
4.95,-5.97,1.70,7.65,-0.08,-0.67,-1.25,32.99,0
5.00,-4.93,5.06,5.78,0.05,-0.89,-1.43,32.99,0
5.05,-5.49,5.64,6.27,0.10,-0.40,-1.00,33.00,0
5.10,-4.34,4.73,5.56,0.31,-0.80,-1.02,32.98,0
5.15,-4.59,5.68,3.76,0.44,-0.74,-0.39,33.02,0
5.20,-5.69,6.30,1.16,0.32,-0.15,-0.02,33.02,0
5.25,-8.12,10.96,15.23,1.14,2.27,-0.60,33.01,0
5.30,-4.83,5.68,6.17,0.33,-0.21,0.05,33.01,0
5.35,-5.34,5.09,5.98,0.03,-0.11,-0.07,33.01,0
5.40,-4.60,4.15,6.33,0.15,-0.07,0.04,33.01,0
5.45,-4.79,4.06,6.23,0.16,0.00,0.02,33.03,0
5.50,-4.80,4.20,6.30,0.21,0.01,0.01,33.01,0
5.55,-4.96,4.55,6.06,-0.05,-0.05,-0.16,33.02,0
5.60,-4.96,4.40,6.16,0.08,0.03,-0.14,33.00,0
5.65,-5.01,4.38,6.20,0.21,0.20,-0.17,33.02,0
5.70,-5.36,4.30,6.04,0.51,0.72,-0.21,33.01,0
5.75,-5.84,4.80,5.39,0.30,1.05,-0.40,33.04,0
5.80,-6.33,4.36,5.06,0.21,1.41,-0.68,33.04,0
5.85,-7.22,4.31,3.95,0.51,1.96,-1.06,33.05,2
5.90,-7.71,3.67,3.57,0.99,2.93,-1.90,33.03,9
5.95,-11.40,2.78,2.13,1.03,3.78,-1.29,33.03,1
6.00,-9.96,2.42,-2.60,-0.13,3.18,-1.36,33.03,13
6.05,-9.90,4.07,1.11,1.61,1.29,-0.40,33.03,1
6.10,-6.23,2.94,1.43,1.66,-4.37,-0.23,33.02,0
6.15,-4.37,5.43,2.97,-0.22,-2.34,2.36,33.04,0
6.20,-7.21,1.44,6.15,-0.56,-2.61,2.11,33.03,0
6.25,-7.92,8.07,3.81,-0.96,-2.77,1.88,33.05,0
6.30,-9.71,5.70,3.48,-0.92,-1.34,2.88,33.06,0
6.35,-9.13,5.02,5.91,-0.46,-2.04,1.17,33.04,0
6.40,-8.38,5.85,2.33,0.42,-0.86,1.45,33.03,0
6.45,-9.92,2.21,4.54,0.48,-1.40,-0.03,33.04,0
6.50,-5.45,5.14,2.20,-0.31,-0.37,-0.31,33.04,0
6.55,-5.60,6.11,2.26,-0.50,0.61,0.39,33.03,0
6.60,-7.33,3.77,2.41,-0.20,1.17,0.21,33.04,0
6.65,-7.00,4.38,6.06,0.18,0.51,-1.84,33.04,0
6.70,-4.30,4.07,6.81,-0.01,0.07,-0.01,33.05,0
6.75,-5.74,5.15,5.78,0.29,-0.18,-0.15,33.05,0
6.80,-4.98,4.34,6.25,0.08,-0.02,-0.08,33.06,0
6.85,-4.87,4.24,6.35,-0.09,-0.12,-0.14,33.04,0
6.90,-4.86,3.97,6.57,0.16,0.11,-0.08,33.04,0
6.95,-5.06,4.07,6.43,0.34,0.67,-0.14,33.04,0
7.00,-5.62,4.61,5.61,0.43,1.10,-0.36,33.06,0
7.05,-6.43,4.06,4.98,0.37,1.27,-0.53,33.06,0
7.10,-6.77,4.38,4.48,0.29,1.42,-0.56,33.05,0
7.15,-7.57,3.85,3.42,0.45,1.65,-0.72,33.07,0
7.20,-8.14,3.52,1.97,0.23,1.75,-0.98,33.04,0
7.25,-8.98,2.84,0.90,0.04,1.70,-1.11,33.04,0
7.30,-9.23,1.30,-0.18,0.37,1.19,-0.73,33.06,0
7.35,-9.51,1.57,-0.81,0.29,0.89,-0.67,33.07,0
7.40,-9.46,1.40,-1.25,0.28,0.83,-0.93,33.07,1
7.45,-10.13,0.26,-1.11,0.99,2.44,-0.89,33.07,1
7.50,-20.95,4.67,-0.03,1.07,3.94,0.43,33.07,0
7.55,-9.88,2.78,7.33,-0.39,-3.69,1.16,33.06,0
7.60,-5.62,5.35,4.02,-0.79,-3.75,0.61,33.06,15
7.65,-6.15,3.29,1.78,-0.84,-4.11,1.39,33.07,20
7.70,-8.63,6.18,3.40,-1.03,-3.37,1.80,33.05,19
7.75,-10.49,7.28,3.79,-0.95,-2.59,2.10,33.06,6
7.80,-9.40,4.87,4.88,0.14,-2.60,1.70,33.08,0
7.85,-13.10,8.75,6.03,0.55,-1.33,1.30,33.08,0
7.90,-10.99,1.30,2.24,1.15,-1.52,-0.32,33.06,0
7.95,-5.16,5.32,2.42,-0.18,-0.50,-0.25,33.07,0
8.00,-6.04,2.71,5.07,-0.42,-0.10,-0.44,33.07,0
8.05,-4.06,8.29,15.25,-0.17,3.99,-1.53,33.06,0
8.10,-3.00,1.36,6.15,0.60,2.74,0.21,33.05,0
8.15,-5.44,3.48,7.13,-0.35,-0.17,-0.29,33.05,0
8.20,-5.23,4.33,6.11,0.03,-0.16,-0.22,33.07,0
8.25,-4.98,4.42,6.22,0.28,0.09,-0.05,33.08,0
8.30,-4.98,4.48,6.22,0.11,-0.01,-0.18,33.05,0
8.35,-5.39,4.37,6.08,0.08,0.53,-0.52,33.06,0
8.40,-5.75,3.36,5.91,0.14,0.93,-0.76,33.07,0
8.45,-6.39,2.88,5.48,0.06,1.30,-0.37,33.07,0
8.50,-6.96,3.79,4.40,0.26,1.40,-0.44,33.07,0
8.55,-7.73,3.53,3.57,0.28,1.37,-0.68,33.07,0
8.60,-8.37,3.22,2.64,0.46,1.58,-1.17,33.08,2
8.65,-8.68,1.25,1.77,0.56,2.07,-1.41,33.06,0
8.70,-9.49,1.69,-0.48,0.35,2.01,-0.83,33.08,0
8.75,-9.54,0.94,-1.48,0.54,1.65,-1.43,33.07,0
8.80,-11.40,0.22,-3.39,0.43,2.69,-1.49,33.07,0
8.85,-20.31,3.97,2.85,1.21,2.21,0.50,33.07,0
8.90,-7.62,5.40,6.72,0.00,-2.93,1.00,33.07,0
8.95,-4.69,5.10,5.67,-0.77,-3.42,1.54,33.08,0
9.00,-5.87,1.36,1.78,-0.58,-4.04,2.15,33.07,12
9.05,-10.22,6.26,3.73,-0.92,-3.67,2.43,33.07,14
9.10,-11.15,6.47,2.37,-0.64,-2.49,1.99,33.07,3
9.15,-12.02,4.61,7.05,-0.23,-2.58,1.96,33.07,0
9.20,-12.34,4.39,5.50,0.54,-1.77,0.74,33.09,0
9.25,-9.23,2.87,3.41,0.23,-1.36,0.25,33.06,0
9.30,-7.29,4.98,3.01,0.15,-0.90,-0.06,33.10,0
9.35,-7.80,3.20,-0.58,-0.64,1.02,-0.10,33.09,0
9.40,-12.10,3.11,-2.89,-0.37,2.69,-1.06,33.06,0
9.45,-5.11,6.94,5.20,0.58,3.01,0.56,33.07,0
9.50,-5.50,5.49,5.58,0.25,-0.16,-0.06,33.07,0
9.55,-5.47,5.17,5.49,0.32,-0.23,-0.08,33.09,0
9.60,-4.52,5.40,5.77,0.07,-0.13,-0.19,33.09,5
9.65,-4.93,4.56,5.98,-0.08,0.06,-0.29,33.07,0
9.70,-5.06,4.77,6.00,0.15,0.19,-0.31,33.09,4
9.75,-5.49,4.49,6.06,0.37,0.84,-0.62,33.09,0
9.80,-6.16,4.47,5.32,0.57,1.78,-0.52,33.08,1
9.85,-7.06,4.92,3.50,0.43,1.95,-0.80,33.08,0
9.90,-7.96,3.65,2.76,0.38,1.95,-1.52,33.10,8
9.95,-8.39,2.33,0.86,0.41,1.90,-1.57,33.07,1
10.00,-9.21,1.34,-0.25,0.46,1.80,-1.61,33.09,9
10.05,-9.42,0.32,-1.48,0.33,1.50,-1.25,33.08,0
10.10,-9.64,-0.22,-2.90,0.07,0.61,-0.64,33.09,4
10.15,-9.49,-0.34,-1.69,0.15,0.26,-0.52,33.07,9
10.20,-10.73,-0.68,-2.40,0.27,1.63,-0.27,33.08,12
10.25,-20.20,2.82,1.09,0.51,3.35,0.26,33.09,0
10.30,-11.55,7.51,9.79,0.77,-2.64,1.21,33.08,0
10.35,-6.77,5.93,6.00,-0.59,-4.12,1.14,33.09,38
10.40,-5.63,2.56,3.35,-0.57,-4.37,1.79,33.10,32
10.45,-10.66,6.32,4.31,-0.57,-4.18,2.15,33.11,30
10.50,-12.11,7.74,6.01,-0.42,-2.38,2.17,33.09,16
10.55,-11.57,4.12,4.77,-0.08,-2.95,1.84,33.08,2
10.60,-11.94,4.37,2.97,0.87,-1.51,1.30,33.09,0
10.65,-10.44,0.06,1.11,0.38,-1.37,-0.39,33.10,0
10.70,-4.78,6.33,2.40,-0.34,-0.24,-0.40,33.08,0
10.75,-6.12,3.39,5.62,-0.91,0.49,-0.45,33.09,0
10.80,-8.76,9.22,3.51,-0.24,2.17,-0.67,33.07,0
10.85,-19.84,-1.82,22.51,0.53,0.59,-0.06,33.08,0
10.90,-5.09,4.86,6.12,0.22,-0.08,0.11,33.08,2
10.95,-5.00,4.51,6.18,0.26,-0.09,0.04,33.08,0
11.00,-4.58,4.87,6.30,0.37,-0.02,-0.07,33.07,0
11.05,-4.92,4.83,6.07,0.10,0.01,-0.31,33.09,0
11.10,-5.14,4.65,6.01,0.32,0.30,-0.30,33.07,0
11.15,-5.56,4.27,5.91,0.43,0.78,-0.49,33.07,0
11.20,-6.10,4.66,5.25,0.46,1.21,-0.31,33.09,0
11.25,-6.48,4.82,4.19,0.17,1.19,-0.52,33.09,0
11.30,-7.11,3.66,4.24,0.52,1.31,-0.73,33.08,0
11.35,-7.71,4.31,2.80,0.08,1.89,-1.30,33.09,0
11.40,-8.81,2.87,1.42,0.25,2.27,-2.15,33.08,0
11.45,-8.76,0.67,0.02,0.32,2.37,-2.23,33.09,15
11.50,-9.18,-1.76,-2.54,0.43,2.41,-1.84,33.11,13
11.55,-9.53,-2.42,-3.28,0.03,1.33,-0.25,33.09,5
11.60,-14.02,-0.31,-6.11,-0.11,2.12,-0.20,33.09,8
11.65,-17.17,1.86,4.41,0.34,0.72,0.50,33.07,8
11.70,-7.34,1.96,6.35,1.09,-3.17,0.50,33.07,0
11.75,-3.98,2.51,5.44,-0.73,-3.94,1.44,33.09,26
11.80,-6.34,3.97,3.70,-1.12,-4.30,2.30,33.09,0
11.85,-10.44,7.14,3.00,-0.96,-3.30,2.89,33.09,4
11.90,-12.05,7.00,5.42,-0.53,-2.66,1.99,33.08,0
11.95,-11.22,2.28,5.33,0.18,-2.80,1.47,33.08,0
12.00,-11.27,1.18,2.10,0.27,-1.48,0.79,33.09,0
12.05,-8.80,0.67,0.41,0.15,-0.92,-0.53,33.09,0
12.10,-6.44,5.60,2.90,-0.74,0.60,0.33,33.09,0
12.15,-17.87,14.96,16.06,0.50,3.13,-1.88,33.08,0
12.20,-11.97,4.96,21.61,-0.44,1.95,-0.18,33.07,0
12.25,-5.46,2.17,7.16,0.26,-0.37,0.01,33.09,0
12.30,-4.94,5.58,5.91,0.08,-0.12,-0.02,33.07,0
12.35,-4.99,3.57,6.54,-0.38,-0.08,-0.31,33.09,0
12.40,-4.63,2.61,6.95,-0.08,-0.03,-0.09,33.10,0
12.45,-4.81,3.22,6.66,0.17,0.02,-0.01,33.09,0
12.50,-4.84,3.88,6.62,0.15,0.12,-0.03,33.09,0
12.55,-5.00,3.49,6.74,0.23,0.41,-0.13,33.10,0
12.60,-5.33,3.88,6.34,0.33,0.88,-0.20,33.10,0
12.65,-5.96,4.25,5.69,0.39,1.51,-0.43,33.07,0
12.70,-6.93,3.11,5.09,0.68,1.99,-0.66,33.09,0
12.75,-7.74,3.51,3.00,0.80,2.13,-0.92,33.08,1
12.80,-8.62,2.94,1.47,0.61,1.84,-1.03,33.08,10
12.85,-9.03,2.03,0.59,0.41,1.26,-1.01,33.09,4
12.90,-9.21,1.75,0.23,0.27,1.17,-0.79,33.08,1
12.95,-9.53,1.97,-1.22,-0.13,1.01,-0.84,33.08,0
13.00,-9.15,1.07,-0.00,0.33,2.27,-1.79,33.09,0
13.05,-20.33,3.16,-2.94,1.42,3.78,-0.83,33.09,0
13.10,-13.35,9.94,10.23,0.06,-2.58,0.25,33.09,0
13.15,-3.58,6.15,6.34,-0.50,-3.03,1.14,33.09,21
13.20,-6.95,4.26,5.18,-0.83,-4.37,3.23,33.09,31
13.25,-11.49,5.63,4.49,-0.48,-4.37,2.63,33.11,18
13.30,-11.47,5.96,2.55,-0.48,-2.60,2.54,33.11,5
13.35,-13.34,2.95,6.67,0.04,-2.85,1.84,33.11,0
13.40,-13.03,5.70,2.66,0.67,-1.44,1.25,33.09,0
13.45,-11.24,-1.47,2.38,-0.21,-0.25,-0.16,33.10,0
13.50,-4.42,5.90,2.77,-0.42,0.27,-0.70,33.10,0
13.55,-7.30,5.03,4.33,-0.47,0.40,0.00,33.09,0
13.60,-12.00,8.22,12.96,0.53,0.98,-1.41,33.10,0
13.65,-7.96,6.45,14.22,0.13,2.64,-0.10,33.09,0
13.70,-4.87,5.92,5.66,0.19,-0.26,-0.09,33.09,0
13.75,-5.40,4.88,5.92,-0.35,-0.14,-0.46,33.09,0
13.80,-5.16,3.72,6.34,-0.57,-0.28,-0.55,33.09,0
13.85,-5.15,3.79,6.52,-0.28,-0.16,-0.27,33.09,0
13.90,-5.18,2.85,6.91,-0.22,-0.05,-0.27,33.09,0
13.95,-5.12,2.84,6.83,-0.03,0.05,-0.15,33.08,0
14.00,-5.22,3.14,6.79,0.18,0.57,-0.14,33.09,0
14.05,-5.47,3.20,6.75,0.35,1.21,-0.09,33.10,0
14.10,-6.17,3.49,5.68,0.89,1.99,-0.48,33.09,6
14.15,-7.52,4.25,4.08,1.08,2.64,-1.03,33.09,0
14.20,-7.80,2.74,1.82,1.06,3.24,-2.35,33.08,7
14.25,-8.85,0.31,-1.40,0.58,3.13,-2.30,33.09,1
14.30,-9.06,-1.52,-3.28,0.30,2.59,-1.19,33.08,0
14.35,-12.53,0.72,-5.24,0.15,3.07,-0.67,33.08,0
14.40,-18.97,5.47,2.39,-0.27,0.85,0.33,33.11,0
14.45,-9.66,8.78,6.85,-1.05,-3.40,0.78,33.09,0
14.50,-3.19,6.15,4.51,-1.18,-3.28,0.81,33.10,14
14.55,-6.49,3.44,2.24,-1.25,-3.79,2.47,33.08,7
14.60,-13.30,7.47,2.94,-0.86,-4.37,2.27,33.12,2
14.65,-11.43,5.32,3.47,-0.34,-2.51,2.65,33.11,0
14.70,-12.18,3.10,3.18,0.62,-3.11,1.05,33.10,0
14.75,-11.89,2.01,0.24,0.97,-1.64,0.60,33.10,0
14.80,-6.92,5.62,3.73,0.30,-0.84,-0.36,33.10,0
14.85,-7.71,3.33,1.01,-0.79,0.59,0.37,33.09,0
14.90,8.74,12.91,17.08,-0.34,4.34,-1.77,33.11,0
14.95,-19.15,-4.29,25.30,-1.09,1.31,-0.51,33.09,0
15.00,-6.41,1.81,6.92,-0.45,-0.53,-0.57,33.11,0
15.05,-5.18,3.61,6.31,0.20,-0.17,-0.06,33.09,7
15.10,-4.94,4.08,6.43,0.05,0.06,-0.06,33.11,6
15.15,-4.95,3.78,6.71,0.20,0.41,-0.01,33.09,1
15.20,-5.52,4.03,6.32,0.81,1.14,-0.17,33.09,0
15.25,-6.23,4.80,4.76,0.75,1.22,-0.47,33.08,0
15.30,-6.84,3.88,4.36,0.59,1.15,-0.52,33.12,0
15.35,-7.32,4.46,3.51,0.51,1.06,-0.19,33.10,0
15.40,-7.71,4.66,2.64,0.23,0.95,-0.54,33.09,0
15.45,-8.10,3.96,2.26,-0.12,0.80,-0.93,33.10,0
15.50,-8.39,2.69,2.23,-0.17,0.85,-0.87,33.10,0
15.55,-8.97,2.51,1.23,0.15,1.01,-0.78,33.10,0
15.60,-9.17,1.57,0.49,0.31,0.94,-0.52,33.10,0
15.65,-9.38,1.95,-0.11,0.15,0.87,-0.72,33.08,0
15.70,-9.20,0.98,0.65,0.38,1.35,-1.00,33.08,3
15.75,-12.65,1.24,-0.65,0.99,3.85,-1.02,33.09,0
15.80,-18.68,0.98,7.29,0.84,1.86,0.65,33.10,0
15.85,-5.98,5.15,6.62,0.98,-3.52,0.10,33.10,2
15.90,-3.77,3.31,6.11,-0.35,-3.69,1.39,33.09,9
15.95,-6.10,2.83,3.16,-0.27,-4.03,1.84,33.09,5
16.00,-12.83,8.18,4.56,-0.51,-3.72,2.03,33.09,3
16.05,-11.92,8.37,4.21,-0.47,-2.63,2.57,33.11,0
16.10,-10.80,-0.35,3.93,0.96,-2.08,0.98,33.09,0
16.15,-13.34,3.12,5.27,1.31,-1.56,-0.29,33.10,0
16.20,-7.75,3.11,0.33,0.41,-0.63,0.63,33.10,0
16.25,-9.28,1.09,0.66,-0.54,1.26,0.04,33.09,0
16.30,9.52,14.82,20.76,0.21,3.18,-1.74,33.09,0
16.35,-7.24,-5.72,12.53,-0.54,0.14,-0.30,33.08,0
16.40,-6.10,3.48,6.02,0.26,-0.08,0.22,33.08,0
16.45,-5.54,5.51,5.57,0.19,-0.07,0.01,33.09,0
16.50,-5.14,4.19,6.27,0.12,-0.07,-0.21,33.09,5
16.55,-5.25,4.26,6.06,-0.00,0.10,-0.19,33.10,0
16.60,-5.30,4.36,6.18,0.23,0.69,-0.08,33.09,0
16.65,-5.77,4.65,5.47,0.23,0.98,-0.37,33.08,0
16.70,-6.45,3.94,4.94,0.36,1.12,-0.45,33.09,0
16.75,-6.90,4.16,4.14,0.47,1.07,-0.29,33.09,0
16.80,-7.38,4.32,3.62,0.33,0.91,-0.29,33.09,0
16.85,-7.69,3.95,3.09,0.19,0.85,-0.40,33.10,0
16.90,-8.08,3.50,2.36,0.25,1.00,-0.54,33.10,0
16.95,-8.39,3.53,1.65,0.43,1.04,-0.56,33.08,0
17.00,-8.81,2.96,1.00,0.41,0.92,-0.58,33.07,0
17.05,-9.11,2.91,0.08,0.23,0.79,-0.69,33.09,3
17.10,-9.33,2.26,-0.32,0.18,0.63,-0.78,33.09,0
17.15,-9.23,1.68,0.08,0.32,0.94,-0.90,33.08,0
17.20,-9.42,0.76,-1.09,0.56,2.26,-1.02,33.09,0
17.25,-16.60,4.68,-2.06,2.06,4.09,0.95,33.11,0
17.30,-14.52,6.53,9.22,0.38,-1.76,1.44,33.09,0
17.35,-4.83,5.10,4.43,-0.48,-3.71,-0.59,33.09,0
17.40,-3.44,1.34,-1.05,-0.08,-4.18,1.23,33.11,6
17.45,-12.11,5.88,3.62,-1.36,-1.80,3.38,33.10,9
17.50,-6.47,8.17,1.57,-0.55,-3.67,0.47,33.09,11
17.55,-9.40,3.82,8.52,-0.29,-2.38,1.74,33.09,3
17.60,-8.27,5.52,3.79,-0.13,-2.58,0.78,33.10,0
17.65,-11.93,2.65,1.54,0.10,-1.69,1.26,33.10,0
17.70,-11.46,3.73,0.02,0.62,-0.68,-0.06,33.09,0
17.75,-5.38,4.87,2.24,-0.44,1.17,0.79,33.08,0
17.80,8.51,9.05,23.61,-0.18,2.66,-0.45,33.11,0
17.85,-4.69,3.62,2.19,0.42,2.48,-0.94,33.09,0
17.90,-5.95,5.34,5.97,-0.10,-0.05,-0.31,33.11,0
17.95,-5.19,4.28,6.15,0.15,-0.08,0.02,33.09,0
18.00,-5.00,4.12,6.33,0.20,0.04,-0.05,33.10,0
18.05,-4.92,4.37,6.18,0.39,0.19,0.01,33.07,5
18.10,-5.09,4.68,5.90,0.26,0.25,-0.18,33.11,0
18.15,-5.36,4.41,5.88,0.51,0.59,-0.24,33.09,0
18.20,-5.83,4.69,5.24,0.67,1.05,-0.26,33.09,0
18.25,-6.49,4.95,4.37,0.90,1.41,-0.34,33.09,0
18.30,-7.06,5.08,3.05,0.59,1.31,-0.67,33.09,0
18.35,-7.70,4.08,2.62,0.59,1.33,-0.85,33.09,0
18.40,-8.17,4.38,1.27,0.44,1.30,-0.80,33.09,1
18.45,-8.96,3.28,0.24,0.14,0.81,-0.77,33.10,18
18.50,-8.84,3.38,0.61,0.24,0.32,-0.44,33.10,5
18.55,-8.85,2.92,0.28,0.39,0.67,-0.95,33.10,0
18.60,-9.10,2.13,0.18,0.84,2.07,-1.10,33.10,7
18.65,-14.69,4.41,-3.61,2.81,4.24,0.98,33.09,0
18.70,-13.32,10.03,10.04,-0.92,0.37,1.71,33.09,0
18.75,-5.88,5.72,5.32,-0.54,-4.37,-1.08,33.10,0
18.80,-2.61,7.83,2.28,-1.60,-3.91,0.07,33.09,7
18.85,-7.38,8.13,3.73,-2.36,-2.57,2.34,33.10,0
18.90,-10.21,10.98,1.66,-3.20,-2.24,3.02,33.11,0
18.95,-11.78,10.52,-4.28,-3.73,0.23,4.37,33.11,0
19.00,-11.86,10.25,-0.84,-2.61,2.31,3.80,33.09,0
19.05,-9.62,8.71,-2.11,-1.23,2.09,1.83,33.10,0
19.10,-22.14,-3.94,11.16,-1.02,0.39,1.03,33.10,0
19.15,-2.51,9.19,8.28,-0.37,-0.21,0.45,33.09,0
19.20,-5.92,4.49,5.49,0.00,-0.08,0.01,33.08,0
19.25,-5.07,3.79,6.28,0.06,-0.05,0.08,33.10,0
19.30,-5.02,4.22,6.13,0.24,-0.16,0.11,33.09,0
19.35,-5.10,4.38,6.10,0.04,-0.27,-0.07,33.09,0
19.40,-4.89,2.80,6.75,0.02,-0.29,-0.15,33.09,0
19.45,-4.62,4.34,6.42,0.26,-0.19,-0.00,33.09,0
19.50,-4.98,3.95,6.45,0.04,-0.07,-0.14,33.09,0
19.55,-4.31,4.41,6.64,-0.10,-0.07,-0.18,33.09,0
19.60,-4.99,3.62,6.57,-0.15,0.01,-0.16,33.09,0
19.65,-4.99,3.14,6.82,-0.25,0.33,-0.19,33.09,0
19.70,-5.89,5.76,6.39,-1.10,1.37,-0.15,33.08,0
19.75,-6.66,6.15,5.81,-3.02,1.72,0.18,33.06,0
19.80,-6.51,6.79,2.37,-3.76,3.35,4.37,33.08,0
19.85,-4.78,1.81,9.96,-1.78,1.62,2.86,33.09,0
19.90,-2.02,11.27,4.53,-2.17,-0.25,1.35,33.09,0
19.95,-5.71,9.77,3.43,-1.73,0.51,3.83,33.11,0
20.00,-8.20,6.58,5.50,-1.50,-0.01,2.82,33.10,0
20.05,-6.27,5.19,3.51,-0.73,-0.08,1.65,33.07,0
20.10,-6.34,1.81,2.42,0.08,1.00,0.23,33.10,0
20.15,-10.07,5.35,6.17,0.35,-0.80,-0.11,33.09,0
20.20,-6.12,4.28,3.30,-0.13,-1.22,0.05,33.09,0
20.25,-5.87,3.65,3.21,-0.27,-0.57,0.46,33.09,0
20.30,-7.06,2.74,1.91,-0.35,-0.46,0.32,33.09,0
20.35,-10.24,7.92,12.50,-0.06,2.58,-2.65,33.09,0
20.40,-4.85,0.96,7.42,-0.34,0.47,0.10,33.07,0
20.45,-5.26,2.70,7.18,0.40,-0.31,-0.15,33.10,10
20.50,-5.14,5.81,5.39,0.42,0.12,0.09,33.10,0
20.55,-4.91,4.47,6.22,0.16,0.11,-0.05,33.10,2
20.60,-4.97,4.73,6.03,0.33,0.32,-0.12,33.09,0
20.65,-5.29,4.78,5.79,0.52,0.75,-0.31,33.09,0
20.70,-5.74,5.30,4.78,0.54,1.05,-0.30,33.08,0
20.75,-6.34,5.20,4.25,0.46,1.08,-0.60,33.09,0
20.80,-7.03,4.79,3.65,0.19,1.48,-0.77,33.09,0
20.85,-7.89,3.73,2.29,0.46,1.27,-0.71,33.08,0
20.90,-8.27,3.86,1.60,0.30,0.90,-0.47,33.09,0
20.95,-8.47,3.82,1.28,0.20,0.71,-0.47,33.08,0
21.00,-8.74,3.51,0.76,0.14,0.29,-0.32,33.06,0
21.05,-8.76,3.39,0.97,0.15,0.06,-0.34,33.09,0
21.10,-8.84,2.64,0.74,0.36,0.16,-0.32,33.10,0
21.15,-8.98,3.33,0.51,0.19,0.47,-0.53,33.12,6
21.20,-8.90,2.74,1.07,0.35,1.15,-0.87,33.07,3
21.25,-9.45,1.12,-0.93,1.02,2.92,-1.38,33.10,0
21.30,-20.59,6.29,2.27,-0.14,3.78,-0.54,33.09,0
21.35,-6.74,5.09,7.47,0.05,-2.64,0.42,33.08,0
21.40,-4.07,4.95,4.24,-0.90,-3.41,0.81,33.08,5
21.45,-6.85,4.37,2.46,-0.75,-3.50,1.62,33.08,9
21.50,-9.62,6.03,4.18,-0.92,-3.39,1.98,33.08,0
21.55,-9.78,7.16,4.32,-0.88,-2.32,1.93,33.07,0
21.60,-9.04,4.25,6.06,0.02,-2.03,1.73,33.08,0
21.65,-10.59,4.35,5.67,0.84,-1.43,0.93,33.09,0
21.70,-11.99,3.39,3.12,0.61,-1.27,0.08,33.08,0
21.75,-6.50,4.95,1.46,-0.15,-0.32,-0.48,33.07,0
21.80,-6.62,2.82,2.52,-0.51,0.34,-0.16,33.09,0
21.85,8.96,6.00,11.87,-0.87,2.02,-1.39,33.08,0
21.90,-5.06,0.84,9.38,-0.35,1.89,-0.66,33.07,0
21.95,-5.33,4.62,6.37,-0.09,-0.22,-0.17,33.10,0
22.00,-5.44,3.62,6.41,-0.06,-0.04,-0.07,33.07,0
22.05,-5.10,4.41,6.17,0.06,-0.03,-0.03,33.09,0
22.10,-4.81,4.09,6.40,0.13,-0.00,-0.06,33.08,0
22.15,-4.91,4.25,6.31,0.05,0.09,-0.14,33.07,0
22.20,-5.08,4.16,6.37,-0.09,0.17,-0.31,33.07,0
22.25,-5.28,3.75,6.58,0.16,0.76,-0.57,33.07,0
22.30,-5.65,3.35,6.05,0.30,1.55,-0.31,33.06,0
22.35,-7.13,4.18,4.25,0.70,2.06,-0.63,33.07,0
22.40,-7.84,3.02,3.17,0.85,1.83,-0.86,33.07,0
22.45,-8.49,2.90,1.69,0.78,1.41,-0.82,33.07,1
22.50,-9.00,2.65,0.97,0.68,1.34,-0.97,33.07,0
22.55,-9.22,1.89,-0.03,0.33,1.03,-1.00,33.07,0
22.60,-9.40,0.77,-0.79,0.09,0.80,-0.79,33.06,0
22.65,-9.50,1.18,-0.70,0.27,0.80,-0.62,33.07,0
22.70,-9.68,0.29,-1.39,0.18,0.64,-0.03,33.06,0
22.75,-13.05,2.37,-2.60,0.79,1.88,-0.47,33.07,0
22.80,-15.54,3.79,2.53,-0.39,1.90,-1.01,33.08,0
22.85,-4.20,6.07,3.89,0.32,-2.81,1.46,33.07,0
22.90,-4.91,1.66,5.24,-0.45,-2.85,1.70,33.08,26
22.95,-6.11,3.84,3.16,-0.48,-4.01,1.35,33.07,9
23.00,-9.89,6.21,4.64,-0.65,-2.93,2.54,33.09,1
23.05,-8.47,4.40,3.29,-0.84,-2.31,2.12,33.07,0
23.10,-8.93,4.68,5.70,-0.24,-2.30,1.82,33.07,0
23.15,-13.46,7.07,7.78,0.25,-0.64,0.48,33.06,0
23.20,-10.25,1.96,1.61,0.73,-1.12,-0.36,33.07,0
23.25,-5.32,4.27,1.23,0.13,-0.74,-0.25,33.07,0
23.30,-7.98,3.04,3.89,-0.64,0.85,0.03,33.06,0
23.35,-6.07,4.10,3.06,0.23,1.31,-0.88,33.08,0
23.40,-5.96,7.55,7.35,0.17,2.38,-0.46,33.07,0
23.45,-5.66,7.09,4.95,-0.48,-0.31,-0.32,33.07,0
23.50,-4.88,4.44,6.12,0.14,0.01,-0.07,33.08,0
23.55,-4.62,5.01,5.99,0.29,-0.07,0.10,33.04,0
23.60,-4.64,4.48,6.17,0.07,0.02,-0.20,33.06,0
23.65,-4.71,5.04,6.14,0.33,0.31,-0.26,33.05,0
23.70,-5.31,4.91,5.89,0.75,0.99,-0.51,33.08,0
23.75,-6.51,5.24,4.11,0.49,1.49,-0.60,33.07,0
23.80,-6.98,4.39,3.62,0.16,1.01,-0.60,33.05,0
23.85,-7.11,4.86,3.46,0.28,1.17,-0.55,33.05,0
23.90,-7.78,4.16,2.47,0.38,1.14,-0.80,33.05,0
23.95,-8.49,2.94,1.72,0.44,1.04,-0.65,33.05,0
24.00,-8.77,3.42,1.24,0.54,0.73,-0.27,33.07,0
24.05,-8.95,3.26,0.52,0.25,0.59,-0.46,33.08,0
24.10,-9.00,3.34,0.18,-0.01,0.33,-0.21,33.05,0
24.15,-8.97,2.60,0.35,0.27,0.51,-0.51,33.06,8
24.20,-9.20,2.95,-0.39,0.03,0.88,-0.78,33.05,12
24.25,-9.38,1.15,-1.66,0.11,1.06,-0.93,33.07,3
24.30,-9.77,1.32,-0.85,0.87,2.44,-1.16,33.06,0
24.35,-20.66,6.02,1.08,-0.27,2.68,-0.43,33.04,0
24.40,-5.10,5.99,5.44,0.04,-2.70,-0.22,33.06,0
24.45,-3.06,6.16,4.48,-1.08,-2.82,0.83,33.07,2
24.50,-6.82,3.20,4.36,-0.64,-3.87,2.09,33.05,6
24.55,-10.73,7.81,3.99,-0.73,-4.16,2.15,33.04,8
24.60,-12.32,5.05,1.93,-0.46,-2.53,2.03,33.08,0
24.65,-9.94,4.61,4.93,0.03,-1.76,1.65,33.07,0
24.70,-11.92,4.62,6.34,0.47,-1.30,0.98,33.04,0
24.75,-7.05,2.46,3.45,0.51,-0.55,-0.36,33.05,0
24.80,-4.44,3.98,1.42,-0.01,-0.61,0.06,33.08,0
24.85,-7.77,3.18,5.07,-0.35,0.39,0.11,33.05,0
24.90,-6.92,1.75,2.72,-0.67,0.43,-1.03,33.06,0
24.95,-11.96,7.60,-2.70,0.50,3.08,-0.82,33.06,0
25.00,-6.72,4.71,5.75,-0.00,-0.08,0.07,33.08,0
25.05,-4.83,4.25,6.46,0.08,-0.15,-0.24,33.05,0
25.10,-4.76,5.24,5.92,-0.08,-0.17,-0.20,33.06,0
25.15,-4.72,3.77,6.61,-0.06,-0.10,-0.18,33.08,0
25.20,-4.62,4.37,6.46,-0.03,-0.08,-0.25,33.05,0
25.25,-4.87,3.94,6.51,-0.04,0.09,-0.21,33.07,0
25.30,-5.09,4.10,6.46,0.06,0.40,-0.44,33.05,0
25.35,-5.37,3.40,6.53,0.24,1.16,-0.43,33.06,0
25.40,-6.32,3.44,5.76,0.30,1.94,-0.75,33.05,0
25.45,-7.42,2.70,3.76,0.40,2.39,-0.98,33.06,0
25.50,-8.23,2.52,2.29,0.60,2.13,-0.81,33.06,0
25.55,-8.74,2.01,0.94,0.69,2.10,-0.69,33.06,0
25.60,-9.59,2.08,-0.95,0.47,1.35,-0.54,33.07,0
25.65,-9.29,1.15,-1.83,0.43,0.18,-0.47,33.07,0
25.70,-9.53,1.61,-0.57,0.08,-0.06,-0.16,33.07,0
25.75,-9.51,1.61,-0.59,0.10,0.19,-0.52,33.07,7
25.80,-9.74,1.94,-1.09,-0.51,0.67,-1.13,33.04,10
25.85,-13.84,1.20,-1.41,0.56,1.27,-1.73,33.07,0
25.90,-15.09,7.33,9.91,1.65,-0.86,-0.71,33.06,0
25.95,-4.92,5.43,6.36,-0.18,-1.29,1.09,33.07,2
26.00,-6.40,1.85,7.32,0.02,-2.09,2.62,33.04,22
26.05,-9.01,2.87,5.78,-0.07,-3.35,2.35,33.05,23
26.10,-10.13,6.84,4.35,-0.35,-3.04,2.44,33.07,12
26.15,-9.95,3.30,6.37,-0.22,-1.54,2.27,33.06,0
26.20,-8.48,3.67,5.47,-0.02,-1.64,1.01,33.05,0
26.25,-11.56,4.76,5.62,0.21,-1.54,1.13,33.08,0
26.30,-7.21,2.02,1.96,0.34,-0.67,-0.13,33.06,0
26.35,-6.07,4.08,1.67,-0.25,-0.14,-0.08,33.09,0
26.40,-7.60,3.62,2.91,-0.24,0.61,-0.08,33.06,0
26.45,-7.29,2.50,2.08,-0.14,1.43,-0.58,33.05,0
26.50,-20.22,16.22,12.71,-0.62,0.63,-0.77,33.06,0
26.55,-5.54,6.77,4.81,0.05,-0.25,-0.04,33.04,0
26.60,-4.99,4.84,5.89,-0.10,-0.08,-0.20,33.04,0
26.65,-4.77,5.18,5.84,-0.00,-0.22,-0.26,33.06,0
26.70,-5.08,4.45,5.93,-0.04,-0.04,-0.27,33.06,0
26.75,-4.95,4.23,6.31,0.18,0.10,-0.17,33.07,0
26.80,-5.52,4.39,5.83,0.38,0.29,-0.19,33.06,0
26.85,-5.38,4.75,5.73,0.22,0.65,-0.05,33.06,0
26.90,-5.83,4.79,5.23,0.31,0.89,-0.23,33.07,0
26.95,-6.29,4.41,4.76,0.46,0.96,-0.52,33.06,0
27.00,-6.87,4.28,4.17,0.64,1.25,-0.58,33.06,0
27.05,-7.73,4.12,3.09,0.64,1.54,-0.60,33.06,0
27.10,-8.00,4.04,1.91,0.62,1.70,-0.91,33.07,0
27.15,-8.96,3.43,0.07,0.32,1.54,-0.98,33.07,9
27.20,-9.28,2.68,-0.23,0.22,0.71,-1.01,33.06,16
27.25,-9.24,1.78,-0.20,0.11,0.55,-0.70,33.05,15
27.30,-9.41,2.08,-0.38,0.11,1.26,-0.88,33.07,12
27.35,-10.41,1.30,-2.54,0.51,1.58,-0.56,33.05,1
27.40,-17.99,5.63,1.63,0.91,2.31,-0.51,33.07,0
27.45,-6.31,3.78,6.35,1.48,-2.89,0.81,33.07,0
27.50,-2.91,5.15,5.07,-0.54,-2.95,0.36,33.05,22
27.55,-5.63,4.14,3.74,-1.04,-3.33,1.79,33.05,31
27.60,-8.44,7.48,2.74,-1.18,-3.27,2.21,33.06,18
27.65,-10.06,9.00,3.46,-0.89,-2.39,2.55,33.07,3
27.70,-11.24,5.49,7.36,-0.23,-1.60,2.32,33.06,0
27.75,-9.78,4.03,4.08,0.39,-1.48,0.63,33.05,0
27.80,-11.63,2.50,2.63,0.03,-0.91,0.61,33.05,0
27.85,-8.03,1.53,-1.15,-0.36,0.37,-0.44,33.07,0
27.90,-4.37,4.86,3.29,-0.54,0.70,-0.11,33.07,0
27.95,13.48,0.58,14.21,0.27,2.71,-0.71,33.07,0
28.00,-0.76,6.43,5.82,0.12,0.05,-0.40,33.05,0
28.05,-5.28,4.04,6.89,0.03,-0.12,-0.02,33.07,0
28.10,-5.43,4.40,6.08,-0.04,-0.10,-0.07,33.06,0
28.15,-4.87,4.19,6.49,-0.04,-0.05,-0.14,33.07,0
28.20,-4.92,3.62,6.48,-0.15,-0.15,-0.31,33.05,0
28.25,-4.91,4.29,6.35,0.03,0.00,-0.17,33.06,0
28.30,-5.00,3.73,6.69,-0.02,0.18,-0.25,33.07,0
28.35,-5.17,3.16,6.81,0.29,0.85,-0.30,33.05,0
28.40,-5.91,4.32,5.45,0.40,1.53,-0.27,33.07,0
28.45,-6.80,3.71,4.74,0.59,1.96,-0.65,33.06,0
28.50,-7.82,3.49,3.02,0.93,1.91,-0.77,33.06,0
28.55,-8.39,3.19,1.87,0.93,1.66,-1.11,33.07,6
28.60,-8.81,2.23,0.38,0.81,1.30,-1.25,33.07,0
28.65,-9.22,1.11,-0.24,0.39,1.21,-0.88,33.08,0
28.70,-9.67,1.79,-1.22,0.13,1.15,-0.79,33.07,0
28.75,-9.47,0.78,-1.77,0.11,0.50,-0.43,33.06,0
28.80,-11.61,1.21,-2.79,0.58,1.90,-0.05,33.06,0
28.85,-18.69,4.05,-1.18,-0.42,1.99,-0.48,33.06,0
28.90,-6.21,8.42,5.22,0.47,-2.45,0.46,33.07,0
28.95,-2.64,6.45,4.83,-1.01,-2.67,0.98,33.07,20
29.00,-5.04,5.29,4.96,-0.07,-3.80,1.70,33.06,24
29.05,-9.77,6.25,4.52,0.18,-3.71,2.12,33.06,8
29.10,-11.78,5.36,4.23,-0.14,-3.14,2.58,33.09,0
29.15,-10.52,6.78,5.77,-0.15,-1.59,1.87,33.07,0
29.20,-11.74,0.98,3.74,0.33,-0.92,0.78,33.07,0
29.25,-8.93,3.72,0.92,0.69,-1.44,-0.33,33.05,0
29.30,-6.45,3.96,2.53,-0.64,0.60,0.34,33.07,0
29.35,-7.21,2.80,2.27,-0.44,0.57,-0.55,33.08,0
29.40,23.16,14.50,23.38,0.61,2.79,-2.65,33.08,0
29.45,-5.94,1.29,10.98,-0.47,0.11,-0.77,33.07,0
29.50,-6.32,5.02,5.87,0.10,-0.35,-0.18,33.05,0
29.55,-5.35,3.78,6.24,-0.07,-0.13,-0.13,33.06,0
29.60,-4.88,3.95,6.46,-0.05,-0.12,-0.17,33.07,0
29.65,-4.72,3.87,6.63,-0.04,0.00,-0.19,33.04,0
29.70,-5.13,3.44,6.57,0.15,0.44,-0.14,33.07,0
29.75,-5.47,3.87,6.26,0.49,1.23,-0.29,33.05,0
29.80,-6.60,4.16,4.74,0.71,1.44,-0.57,33.06,0
29.85,-6.87,3.13,4.68,0.97,1.45,-0.36,33.08,0
29.90,-7.68,4.23,2.66,0.52,1.16,-0.17,33.06,0
29.95,-7.94,4.19,2.44,0.44,0.71,-0.28,33.06,0
30.00,-8.26,3.82,1.97,0.35,0.47,-0.27,33.05,0
30.05,-8.46,3.59,1.61,0.21,0.28,-0.33,33.05,0
30.10,-8.36,3.93,1.86,0.06,0.33,-0.34,33.05,0
30.15,-8.63,3.22,1.52,0.19,0.70,-0.60,33.05,0
30.20,-8.92,3.05,0.77,0.36,1.05,-0.66,33.06,0
30.25,-8.82,3.56,0.88,0.06,1.85,-1.46,33.07,2
30.30,-10.08,1.13,-1.70,0.29,3.51,-2.66,33.07,0
30.35,-21.41,5.77,12.71,0.44,-0.18,-1.14,33.07,3
30.40,-5.18,5.45,7.20,0.41,-2.55,0.91,33.06,9
30.45,-4.21,3.48,4.08,-0.34,-3.67,1.83,33.07,29
30.50,-8.89,4.17,5.77,-0.22,-3.49,2.46,33.06,23
30.55,-11.54,8.26,4.62,-0.48,-3.43,2.29,33.07,12
30.60,-11.30,4.50,4.83,-0.38,-1.37,2.65,33.07,0
30.65,-10.32,2.81,4.63,-0.16,-1.47,1.14,33.06,0
30.70,-13.14,2.99,3.88,-1.69,0.64,0.03,33.07,0
30.75,-8.13,5.04,3.93,-0.20,1.26,-0.44,33.06,0
30.80,-5.65,1.44,4.44,0.41,-0.78,0.26,33.06,0
30.85,-7.23,4.82,0.42,0.61,-0.13,0.27,33.05,0
30.90,17.39,-0.16,-1.79,-0.87,1.86,-1.00,33.07,0
30.95,-7.60,2.02,7.41,0.46,-0.06,-0.14,33.07,0
31.00,-5.91,5.74,5.37,0.21,0.05,0.20,33.08,0
31.05,-5.19,3.27,6.63,-0.09,-0.23,-0.25,33.07,0
31.10,-4.52,3.13,6.93,0.11,-0.07,-0.14,33.08,0
31.15,-5.20,4.28,6.36,0.14,0.38,-0.21,33.06,0
31.20,-5.43,3.53,6.64,0.28,1.19,-0.35,33.07,1
31.25,-6.25,3.58,5.27,0.49,1.88,-0.53,33.07,0
31.30,-7.10,3.82,3.82,0.50,1.60,-0.51,33.06,0
31.35,-7.92,3.27,3.10,0.38,1.27,-0.40,33.05,0
31.40,-8.30,3.63,2.27,0.25,1.23,-0.34,33.07,0
31.45,-8.88,2.68,1.43,0.36,0.94,-0.30,33.06,0
31.50,-8.89,3.06,0.74,0.25,0.53,-0.32,33.08,1
31.55,-8.99,2.64,0.76,0.46,0.36,-0.18,33.06,0
31.60,-9.06,2.92,0.38,0.02,-0.07,-0.15,33.07,7
31.65,-9.05,2.47,0.79,0.16,0.01,-0.10,33.06,0
31.70,-8.98,2.82,0.68,0.24,0.32,-0.27,33.07,7
31.75,-9.09,2.44,0.81,0.37,0.80,-0.45,33.07,7
31.80,-9.39,3.33,0.48,0.52,2.20,-0.82,33.07,0
31.85,-16.95,5.85,-0.23,0.89,4.27,-1.55,33.07,0
31.90,-10.73,5.95,9.39,0.77,-2.18,0.07,33.08,0
31.95,-5.98,7.40,8.79,0.91,-4.03,1.23,33.09,0
32.00,-4.02,4.54,5.18,-0.43,-4.37,1.65,33.07,22
32.05,-9.75,6.47,5.67,-0.15,-3.34,2.36,33.08,14
32.10,-12.19,7.40,2.95,-0.38,-2.63,3.13,33.07,4
32.15,-12.56,3.18,6.85,-0.35,-1.93,1.51,33.09,0
32.20,-11.60,5.95,2.46,0.76,-0.44,0.64,33.07,0
32.25,-8.81,4.76,1.42,0.27,-0.19,0.30,33.07,0
32.30,-9.23,3.12,1.80,-0.64,0.88,0.22,33.08,0
32.35,-7.91,2.11,0.72,-0.77,0.99,-0.72,33.09,0
32.40,-16.35,-1.68,-8.55,0.19,2.39,-0.49,33.08,0
32.45,-5.98,8.68,3.96,-0.28,-0.05,0.01,33.09,0
32.50,-5.13,4.82,6.05,0.15,-0.04,0.03,33.08,0
32.55,-5.18,4.71,6.00,0.49,-0.05,0.20,33.05,0
32.60,-4.27,6.08,5.67,0.10,0.09,-0.05,33.07,0
32.65,-4.95,4.72,6.03,-0.35,0.10,-0.48,33.06,0
32.70,-5.11,4.07,6.27,-0.09,0.27,-0.24,33.06,0
32.75,-5.24,3.74,6.44,0.28,0.93,-0.49,33.08,0
32.80,-6.22,4.58,4.67,0.53,1.55,-0.39,33.07,0
32.85,-6.87,4.08,4.42,0.58,1.65,-0.57,33.09,0
32.90,-7.52,4.64,2.69,0.38,1.68,-0.69,33.07,0
32.95,-8.44,2.98,1.86,0.53,1.30,-0.94,33.07,0
33.00,-8.65,2.33,0.96,0.45,1.16,-0.74,33.07,0
33.05,-9.16,3.10,0.06,0.42,0.96,-0.49,33.07,0
33.10,-9.31,2.72,-0.61,0.12,0.39,-0.43,33.07,1
33.15,-9.32,2.00,-0.55,0.20,0.24,-0.40,33.08,3
33.20,-9.30,2.49,-0.49,0.19,0.60,-0.61,33.06,9
33.25,-8.73,0.96,-0.51,0.34,1.04,-1.03,33.07,3
33.30,-10.04,-0.03,-2.59,1.22,2.58,-0.23,33.08,0
33.35,-20.65,6.73,-1.24,0.26,3.69,-0.42,33.08,0
33.40,-5.78,6.56,5.24,0.92,-3.67,0.85,33.07,0
33.45,-2.93,5.64,4.40,-0.69,-3.84,1.12,33.07,22
33.50,-6.10,5.20,3.73,-0.44,-4.31,2.16,33.08,29
33.55,-12.19,8.27,5.40,-0.37,-4.27,2.54,33.08,11
33.60,-15.65,7.85,3.11,-0.43,-2.30,2.20,33.07,1
33.65,-11.07,1.54,3.18,-0.75,-0.96,1.62,33.09,0
33.70,-9.08,1.10,0.57,0.62,-1.69,0.36,33.06,0
33.75,-6.11,6.94,4.18,-0.10,-0.56,-0.25,33.05,0
33.80,-5.88,3.36,1.84,-0.19,0.87,0.55,33.07,0
33.85,-6.61,2.95,0.95,0.05,0.72,-0.30,33.08,0
33.90,-14.25,7.77,14.72,0.49,0.59,-1.14,33.06,0
33.95,-9.71,3.55,8.72,-0.44,0.15,-0.50,33.07,0
34.00,-5.45,4.74,6.24,-0.28,-0.08,-0.38,33.08,0
34.05,-5.29,4.62,5.94,0.25,-0.03,0.07,33.04,0
34.10,-4.75,4.66,6.07,0.24,0.06,-0.04,33.06,0
34.15,-4.64,5.07,6.05,0.28,0.14,-0.12,33.07,0
34.20,-5.30,4.92,5.68,0.36,0.23,-0.44,33.06,0
34.25,-5.55,3.92,5.88,0.34,0.59,-0.13,33.08,0
34.30,-5.79,4.90,5.15,0.33,0.82,-0.16,33.07,0
34.35,-6.24,4.96,4.68,0.03,0.93,-0.42,33.07,0
34.40,-6.61,4.78,4.37,0.06,1.45,-0.67,33.07,0
34.45,-7.54,3.90,3.30,0.44,2.33,-1.50,33.07,0
34.50,-8.67,3.02,0.71,0.56,2.16,-1.53,33.08,16
34.55,-9.05,1.00,-0.36,0.66,2.02,-1.50,33.07,10
34.60,-9.58,0.68,-2.12,0.44,1.44,-0.87,33.06,0
34.65,-9.55,0.08,-3.59,0.30,0.32,-0.47,33.06,0
34.70,-9.34,0.19,-2.43,0.16,-0.01,-0.12,33.06,6
34.75,-10.07,0.50,-1.56,0.67,1.12,0.19,33.06,19
34.80,-15.69,2.54,-3.00,0.54,2.90,-1.21,33.06,1
34.85,-15.74,6.64,11.14,2.55,-1.91,0.02,33.08,0
34.90,-4.59,3.33,3.71,1.05,-3.64,2.14,33.08,9
34.95,-8.30,-3.69,6.49,2.44,-4.37,2.58,33.10,9
35.00,-10.32,-5.87,10.40,1.55,-4.37,0.90,33.07,4
35.05,-8.90,0.97,6.39,0.75,-3.78,0.20,33.07,0
35.10,-10.34,0.45,8.08,0.39,-2.56,0.96,33.10,0
35.15,-11.01,2.06,2.34,0.47,-1.55,-0.69,33.07,0
35.20,-11.00,0.83,-1.60,0.49,-0.51,-0.95,33.10,0
35.25,-11.89,7.79,13.11,0.41,3.34,-4.37,33.07,0
35.30,-5.34,-2.15,8.03,0.12,-0.12,-0.45,33.08,0
35.35,-5.38,4.41,6.20,0.43,-0.05,0.19,33.07,0
35.40,-5.01,4.27,6.36,0.40,-0.08,0.11,33.07,0
35.45,-4.88,3.80,6.46,0.46,-0.11,0.10,33.07,0
35.50,-4.83,4.63,6.08,0.50,0.05,0.14,33.06,0
35.55,-4.74,4.96,5.94,0.37,0.05,0.07,33.07,0
35.60,-4.87,4.81,5.91,0.21,0.02,-0.00,33.09,0
35.65,-4.94,4.60,5.93,0.12,-0.05,-0.06,33.08,0
35.70,-4.92,4.87,5.85,0.07,0.04,-0.00,33.07,0
35.75,-4.71,4.21,5.36,0.18,-0.60,0.07,33.08,0
35.80,-4.63,4.74,6.12,0.13,0.02,0.03,33.08,0
35.85,-4.63,5.09,5.83,0.04,0.01,-0.00,33.09,0
35.90,-5.08,4.57,5.91,0.19,-0.23,-0.02,33.07,3
35.95,-4.72,4.80,6.02,0.19,-0.12,-0.07,33.09,0
36.00,-4.61,4.90,5.91,0.07,-0.04,-0.05,33.08,0
36.05,-4.79,4.53,6.07,0.04,-0.07,-0.05,33.09,0
36.10,-4.78,4.75,5.96,0.14,0.01,-0.05,33.07,0
36.15,-4.83,4.69,6.00,0.29,0.13,-0.10,33.08,0
36.20,-5.03,4.94,5.76,0.50,0.29,-0.22,33.07,0
36.25,-5.68,4.77,6.02,0.83,0.70,-0.36,33.08,0
36.30,-5.50,5.23,6.14,1.36,0.33,-0.19,33.08,0
36.35,-3.06,1.47,10.33,0.73,-2.14,-1.62,33.07,0
36.40,-3.97,6.23,5.43,0.26,-2.74,-1.71,33.07,0
36.45,-6.99,4.04,1.78,0.68,-0.90,-0.67,33.09,0
36.50,-6.27,7.21,4.53,-0.68,-0.03,-0.07,33.06,0
36.55,-4.68,3.79,6.67,0.37,-0.36,0.06,33.07,0
36.60,-4.67,4.88,6.17,0.19,-0.01,0.12,33.07,0
36.65,-4.74,4.24,6.30,-0.01,-0.11,-0.12,33.06,0
36.70,-4.76,4.31,6.30,0.15,-0.07,-0.02,33.06,0
36.75,-4.67,4.43,6.30,0.06,0.00,-0.02,33.08,0
36.80,-4.72,4.41,6.29,0.03,-0.01,-0.04,33.07,0
36.85,-4.75,4.21,6.31,0.06,-0.05,-0.04,33.08,0
36.90,-4.74,4.32,6.38,0.04,-0.04,-0.03,33.09,0
36.95,-4.71,4.27,6.38,0.06,-0.01,-0.03,33.08,0
37.00,-4.61,4.29,6.41,0.07,-0.04,-0.03,33.08,0
37.05,-4.66,4.12,6.47,0.03,-0.02,-0.05,33.09,0
37.10,-4.75,4.18,6.37,0.08,-0.04,-0.04,33.10,0
37.15,-4.77,4.10,6.39,0.05,-0.02,-0.05,33.09,0
37.20,-4.73,4.08,6.45,0.08,-0.01,-0.04,33.11,0
37.25,-4.71,4.08,6.45,0.08,-0.02,-0.04,33.09,0
37.30,-4.74,4.09,6.43,0.10,-0.02,-0.04,33.10,0
37.35,-4.73,4.16,6.50,0.11,-0.01,-0.03,33.08,0
37.40,-4.81,4.15,6.37,0.08,-0.01,-0.05,33.09,0
37.45,-4.74,4.09,6.43,0.05,-0.03,-0.06,33.08,0
37.50,-4.79,4.02,6.43,0.06,-0.02,-0.08,33.10,0
37.55,-4.75,4.00,6.48,0.11,-0.02,-0.04,33.10,0
37.60,-4.81,4.07,6.44,0.09,-0.02,-0.02,33.09,0
37.65,-4.81,3.97,6.49,0.10,-0.02,-0.04,33.09,0
37.70,-4.82,3.98,6.44,0.09,-0.01,-0.04,33.12,0
37.75,-4.80,4.00,6.45,0.10,-0.01,-0.02,33.11,0
37.80,-4.84,3.98,6.45,0.10,-0.04,-0.02,33.09,0
37.85,-4.78,4.02,6.46,0.09,-0.03,-0.02,33.10,0
