0.00,-5.29,4.68,5.63,0.05,-0.02,-0.05,32.47,0
0.05,-5.32,4.57,5.66,0.07,-0.02,-0.03,32.51,0
0.10,-5.31,4.60,5.64,0.07,-0.01,-0.03,32.52,0
0.15,-5.32,4.58,5.66,0.11,-0.02,-0.01,32.52,0
0.20,-5.32,4.67,5.65,0.10,-0.02,-0.01,32.53,0
0.25,-5.30,4.64,5.63,0.09,-0.02,-0.02,32.54,0
0.30,-5.31,4.60,5.65,0.10,-0.01,-0.01,32.54,0
0.35,-5.31,4.60,5.61,0.09,-0.01,-0.02,32.55,0
0.40,-5.25,4.68,5.61,0.09,-0.01,-0.02,32.57,0
0.45,-5.29,4.65,5.65,0.07,-0.02,-0.03,32.59,0
0.50,-5.33,4.62,5.67,0.08,-0.02,-0.03,32.60,0
0.55,-5.32,4.56,5.65,0.09,-0.02,-0.02,32.60,0
0.60,-5.29,4.61,5.66,0.11,-0.02,-0.01,32.62,0
0.65,-5.31,4.64,5.64,0.11,-0.01,-0.01,32.60,0
0.70,-5.29,4.65,5.64,0.09,-0.02,-0.02,32.62,0
0.75,-5.32,4.64,5.63,0.08,-0.02,-0.03,32.62,0
0.80,-5.33,4.54,5.65,0.08,-0.02,-0.03,32.61,0
0.85,-5.31,4.61,5.66,0.11,-0.02,-0.01,32.62,0
0.90,-5.36,4.65,5.61,0.12,-0.02,-0.01,32.64,0
0.95,-5.30,4.67,5.62,0.10,-0.02,-0.02,32.62,0
1.00,-5.25,4.67,5.63,0.08,-0.02,-0.03,32.64,0
1.05,-5.29,4.66,5.64,0.09,-0.02,-0.02,32.63,0
1.10,-5.30,4.61,5.65,0.09,-0.02,-0.02,32.65,0
1.15,-5.27,4.64,5.62,0.10,-0.02,-0.02,32.64,0
1.20,-5.29,4.67,5.58,0.09,-0.02,-0.03,32.66,0
1.25,-5.31,4.63,5.62,0.09,-0.02,-0.03,32.66,0
1.30,-5.31,4.65,5.62,0.08,-0.02,-0.02,32.67,0
1.35,-5.30,4.62,5.64,0.06,-0.02,-0.03,32.68,0
1.40,-5.32,4.64,5.69,0.07,-0.01,-0.03,32.68,0
1.45,-5.30,4.68,5.62,0.06,-0.01,-0.03,32.69,0
1.50,-5.25,4.63,5.72,0.03,-0.01,-0.05,32.68,0
1.55,-5.37,4.48,5.74,0.07,-0.03,-0.04,32.70,0
1.60,-5.32,4.56,5.72,0.09,-0.01,-0.01,32.69,0
1.65,-5.32,4.57,5.68,0.09,-0.02,-0.02,32.70,0
1.70,-5.29,4.59,5.67,0.12,-0.02,-0.01,32.69,0
1.75,-5.33,4.58,5.67,0.11,-0.02,-0.02,32.71,0
1.80,-5.29,4.57,5.66,0.11,-0.01,-0.02,32.71,0
1.85,-5.33,4.59,5.64,0.11,-0.01,-0.00,32.70,0
1.90,-5.31,4.58,5.67,0.11,-0.00,0.01,32.72,0
1.95,-5.27,4.72,5.59,0.12,-0.01,-0.00,32.73,0
2.00,-5.32,4.67,5.58,0.10,-0.02,-0.02,32.70,0
2.05,-5.31,4.63,5.65,0.09,-0.03,-0.04,32.73,0
2.10,-5.32,4.61,5.62,0.07,-0.02,-0.04,32.72,0
2.15,-5.33,4.57,5.66,0.09,-0.01,-0.01,32.73,0
2.20,-5.31,4.62,5.64,0.10,-0.01,-0.00,32.74,0
2.25,-5.31,4.65,5.62,0.11,-0.01,-0.01,32.72,0
2.30,-5.30,4.78,5.55,0.09,-0.02,-0.02,32.76,0
2.35,-5.36,4.52,5.66,0.08,-0.02,-0.03,32.74,0
2.40,-5.31,4.61,5.67,0.08,-0.02,-0.03,32.76,0
2.45,-5.32,4.60,5.65,0.09,-0.01,-0.02,32.75,0
2.50,-5.30,4.63,5.65,0.11,-0.01,-0.01,32.77,0
2.55,-5.32,4.64,5.63,0.10,-0.02,-0.02,32.77,0
2.60,-5.29,4.67,5.62,0.10,-0.02,-0.02,32.75,0
2.65,-5.29,4.65,5.66,0.09,-0.02,-0.02,32.76,0
2.70,-5.32,4.64,5.63,0.09,-0.02,-0.02,32.75,0
2.75,-5.30,4.62,5.67,0.10,-0.01,-0.01,32.78,0
2.80,-5.30,4.66,5.60,0.10,-0.02,-0.02,32.78,0
2.85,-5.31,4.65,5.63,0.10,-0.02,-0.02,32.77,0
2.90,-5.30,4.68,5.59,0.09,-0.02,-0.02,32.76,0
2.95,-5.30,4.70,5.58,0.09,-0.02,-0.02,32.78,0
3.00,-5.31,4.65,5.62,0.10,-0.02,-0.02,32.78,0
3.05,-5.32,4.69,5.60,0.10,-0.02,-0.02,32.78,0
3.10,-5.30,4.66,5.63,0.09,-0.02,-0.02,32.78,0
3.15,-5.31,4.67,5.58,0.09,-0.02,-0.02,32.80,0
3.20,-5.31,4.66,5.62,0.09,-0.02,-0.02,32.77,0
3.25,-5.32,4.64,5.62,0.08,-0.02,-0.03,32.79,0
3.30,-5.30,4.67,5.61,0.09,-0.02,-0.02,32.79,0
3.35,-5.33,4.66,5.60,0.10,-0.02,-0.02,32.80,0
3.40,-5.32,4.65,5.63,0.10,-0.02,-0.02,32.80,0
3.45,-5.28,4.73,5.60,0.07,-0.02,-0.02,32.78,0
3.50,-5.31,4.64,5.66,0.04,-0.02,-0.04,32.79,0
3.55,-5.33,4.50,5.68,0.02,-0.02,-0.07,32.82,0
3.60,-5.35,4.49,5.67,0.07,-0.02,-0.04,32.80,0
3.65,-5.33,4.59,5.67,0.11,-0.02,-0.02,32.81,0
3.70,-5.35,4.61,5.67,0.09,-0.03,-0.03,32.82,0
3.75,-5.36,4.54,5.66,0.07,-0.01,-0.04,32.80,0
3.80,-5.35,4.51,5.66,0.07,-0.02,-0.04,32.82,0
3.85,-5.37,4.52,5.66,0.11,-0.02,-0.02,32.82,0
3.90,-5.38,4.49,5.69,0.08,-0.05,-0.02,32.82,0
3.95,-5.31,4.59,5.69,0.06,-0.02,0.01,32.82,0
4.00,-5.32,4.56,5.70,0.10,0.01,0.01,32.82,0
4.05,-5.54,4.36,5.69,0.17,0.02,0.03,32.83,0
4.10,-5.13,4.71,5.61,0.22,0.04,0.14,32.83,0
4.15,-5.55,5.03,5.61,0.04,0.01,0.04,32.82,0
4.20,-5.38,4.73,5.71,0.17,-0.04,0.09,32.80,0
4.25,-5.48,3.84,5.99,0.01,-0.27,-0.55,32.84,0
4.30,-5.76,4.88,6.12,0.21,-0.45,-0.63,32.83,0
4.35,-4.95,4.20,5.70,0.32,-0.53,-0.52,32.84,0
4.40,-3.74,4.67,4.70,0.50,0.27,-0.17,32.84,0
4.45,-6.40,3.72,5.67,0.23,-0.02,-0.10,32.84,0
4.50,-5.34,4.76,5.59,0.22,-0.19,0.06,32.84,0
4.55,-5.36,4.52,5.65,0.05,-0.06,-0.03,32.85,0
4.60,-5.28,4.55,5.72,0.04,-0.02,-0.05,32.84,0
4.65,-5.34,4.42,5.75,0.03,-0.03,-0.06,32.86,0
4.70,-5.32,4.42,5.78,-0.02,-0.04,-0.06,32.85,0
4.75,-5.33,4.10,5.88,0.06,-0.02,-0.04,32.84,0
4.80,-5.40,4.18,5.87,0.13,0.02,0.03,32.85,0
4.85,-5.29,4.61,5.70,0.18,0.02,0.04,32.86,0
4.90,-5.30,4.31,5.79,0.05,0.02,0.02,32.87,0
4.95,-5.93,4.50,5.20,0.11,0.08,0.23,32.88,0
5.00,-5.60,4.68,5.66,0.36,0.22,0.70,32.87,0
5.05,-1.87,3.96,7.53,-0.32,-0.18,-0.95,32.86,0
5.10,-10.52,4.39,3.10,-0.13,-0.44,-0.46,32.87,0
5.15,-5.88,4.19,5.50,-0.00,-0.06,-0.10,32.88,0
5.20,-5.22,4.05,6.10,-0.02,-0.04,-0.05,32.86,0
5.25,-5.59,4.00,5.96,-0.12,-0.08,-0.21,32.87,0
5.30,-5.43,3.64,6.21,-0.05,-0.02,-0.15,32.88,0
5.35,-5.77,3.44,6.21,0.00,-0.00,-0.09,32.88,0
5.40,-5.23,3.46,6.27,0.10,-0.04,-0.04,32.89,0
5.45,-5.80,3.84,6.14,0.25,-0.03,-0.02,32.87,0
5.50,-5.54,4.40,6.06,0.17,0.10,-0.05,32.89,0
5.55,-5.76,3.48,6.07,0.29,0.05,0.04,32.90,0
5.60,-7.59,2.65,7.66,0.54,-0.84,-0.19,32.89,0
5.65,-2.68,4.68,4.37,0.48,-0.09,-0.48,32.89,0
5.70,-8.51,4.03,8.44,0.42,0.64,-0.02,32.89,0
5.75,-5.02,4.13,6.17,0.32,0.11,-0.06,32.87,0
5.80,-5.81,4.88,5.39,0.09,-0.04,-0.16,32.88,0
5.85,-6.33,2.91,6.21,0.05,-0.12,-0.17,32.89,0
5.90,-5.27,4.49,5.44,0.36,-0.06,0.14,32.87,0
5.95,-5.55,4.50,5.82,-0.18,-0.13,0.04,32.88,0
6.00,-5.54,3.70,6.22,0.04,0.02,-0.05,32.89,0
6.05,-5.32,4.53,5.86,0.24,0.10,0.01,32.89,0
6.10,-5.22,3.94,6.06,0.07,0.08,-0.04,32.91,0
6.15,-5.52,4.14,5.79,-0.04,-0.04,-0.08,32.87,0
6.20,-5.39,3.20,6.15,-0.03,-0.05,-0.12,32.91,0
6.25,-6.17,4.34,5.35,0.14,0.00,-0.11,32.90,0
6.30,-5.04,3.47,6.10,0.28,-0.03,0.05,32.92,0
6.35,-5.69,4.42,5.66,0.13,-0.04,-0.07,32.93,0
6.40,-5.67,3.79,5.76,0.10,-0.10,0.02,32.92,0
6.45,-5.49,4.07,5.93,0.13,-0.01,-0.07,32.90,0
6.50,-5.42,4.01,5.93,0.07,0.00,-0.06,32.91,0
6.55,-5.76,4.15,5.83,0.17,-0.00,-0.09,32.93,0
6.60,-5.39,3.62,6.21,0.40,-0.03,-0.23,32.95,0
6.65,-4.96,4.56,5.58,0.75,-0.31,-0.46,32.94,0
6.70,-6.22,3.96,5.81,0.43,-0.22,-0.41,32.92,0
6.75,-5.28,3.83,6.03,0.06,-0.09,-0.04,32.95,0
6.80,-5.20,4.28,5.84,0.15,-0.05,0.04,32.91,0
6.85,-5.28,4.22,5.97,-0.08,-0.06,-0.10,32.93,0
6.90,-5.56,4.33,6.06,0.24,0.13,-0.16,32.92,0
6.95,-4.99,4.67,6.57,0.73,0.17,-0.62,32.93,0
7.00,-0.30,6.22,7.79,0.61,-0.32,-0.13,32.93,0
7.05,-2.44,4.02,10.10,0.57,-0.68,0.26,32.95,0
7.10,-3.77,5.20,7.46,0.22,-1.11,0.28,32.94,0
7.15,-3.74,5.19,7.08,-0.07,-0.85,0.57,32.93,0
7.20,-4.85,4.42,7.00,0.29,-1.08,0.31,32.96,0
7.25,-4.36,5.56,5.12,0.18,-0.69,0.38,32.94,0
7.30,-5.86,7.53,7.04,0.24,-0.43,0.50,32.94,1
7.35,-3.40,4.49,4.53,0.03,-0.26,0.22,32.94,0
7.40,-2.98,4.54,5.56,0.33,-0.35,0.40,32.95,0
7.45,-3.00,5.26,5.91,0.19,-0.27,0.03,32.94,0
7.50,-3.31,4.01,5.20,0.12,-0.07,0.01,32.94,0
7.55,-4.22,5.74,3.42,0.25,0.15,-0.62,32.95,0
7.60,-6.64,4.35,3.40,-0.34,0.34,-0.97,32.95,5
7.65,22.45,17.24,22.79,0.04,2.71,-1.05,32.96,8
7.70,-9.21,-2.50,14.94,-0.76,1.37,-1.47,32.98,16
7.75,-6.73,6.05,4.82,-0.78,-0.32,-0.40,32.95,7
7.80,-5.21,4.05,6.12,0.17,-0.05,0.14,32.94,8
7.85,-5.02,4.52,5.99,0.13,-0.02,-0.01,32.96,0
7.90,-5.19,4.50,5.97,0.01,-0.01,-0.07,32.96,0
7.95,-5.17,3.85,6.25,0.08,0.08,-0.07,32.97,0
8.00,-5.27,4.49,6.03,0.41,0.49,-0.21,32.97,0
8.05,-5.68,4.40,5.65,0.52,1.03,-0.31,32.97,0
8.10,-6.39,4.18,4.93,0.63,1.54,-0.54,32.97,0
8.15,-7.27,5.28,3.29,0.39,1.91,-0.91,32.98,3
8.20,-7.78,3.29,2.64,0.54,1.84,-1.00,32.97,0
8.25,-8.63,2.92,0.78,0.45,1.84,-0.90,32.97,0
8.30,-9.13,1.47,-1.29,0.16,0.76,-0.25,32.97,0
8.35,-8.98,2.38,-0.68,0.08,-0.65,0.27,32.99,0
8.40,-8.68,4.87,0.92,-0.10,-0.93,0.79,32.99,0
8.45,-8.60,3.16,1.54,0.10,-0.69,0.07,32.98,7
8.50,-8.45,4.09,1.78,0.36,0.32,-0.18,32.99,8
8.55,-8.54,3.46,1.40,0.58,1.13,-0.84,32.99,3
8.60,-8.68,4.03,-0.20,-0.04,1.75,-0.92,32.98,0
8.65,-11.18,3.07,0.27,-0.01,2.49,-1.73,32.99,0
8.70,-16.26,2.19,11.75,1.19,-0.55,-1.07,32.98,0
8.75,-4.34,6.54,6.96,1.14,-2.22,0.22,32.97,0
8.80,-5.72,2.76,6.22,-0.02,-2.71,1.76,32.99,0
8.85,-10.40,4.75,4.82,-0.54,-3.44,1.70,32.99,0
8.90,-9.54,6.77,3.58,-0.94,-2.33,2.22,32.99,0
8.95,-8.41,5.62,3.88,-0.60,-1.58,1.70,32.99,0
9.00,-7.52,4.95,5.60,0.07,-1.72,1.28,32.99,0
9.05,-7.59,5.77,4.61,0.55,-1.55,1.15,32.99,0
9.10,-10.55,3.17,7.18,0.42,-0.79,0.51,33.00,0
9.15,-4.38,4.41,3.06,0.10,-0.60,0.21,33.02,0
9.20,-3.62,3.34,4.92,0.29,-0.47,0.53,33.01,0
9.25,-5.79,6.12,5.84,0.29,-0.15,-0.15,32.99,0
9.30,-2.92,6.06,5.10,0.10,0.45,-0.14,32.99,0
9.35,-2.90,6.60,3.31,0.05,0.69,-0.29,32.99,0
9.40,-10.65,-3.41,4.73,-0.33,2.12,-1.03,33.00,0
9.45,-4.16,7.17,4.22,0.36,1.91,-0.37,33.01,0
9.50,-6.90,6.85,5.20,-0.20,-0.20,-0.52,32.99,0
9.55,-4.96,4.94,5.72,0.10,-0.19,-0.06,33.00,0
9.60,-5.00,4.68,5.89,0.33,-0.08,0.15,32.99,0
9.65,-4.97,5.30,5.61,0.15,0.09,-0.14,33.00,0
9.70,-4.68,4.65,6.08,0.57,0.49,-0.24,33.02,0
9.75,-5.34,5.60,5.48,0.98,1.39,-0.25,32.99,0
9.80,-6.41,5.70,3.61,1.17,2.12,-0.43,32.98,0
9.85,-6.99,5.81,1.87,1.10,2.17,-0.53,33.01,0
9.90,-7.53,5.39,-0.12,0.59,1.82,-0.63,33.02,0
9.95,-7.97,4.93,-0.69,0.43,1.67,-0.56,32.99,0
10.00,-8.41,4.31,-2.49,-0.35,1.31,-0.66,33.02,0
10.05,-8.47,4.22,-2.18,-0.21,-0.12,-0.83,33.01,0
10.10,-9.07,3.12,-1.38,0.02,-0.38,-0.22,33.02,0
10.15,-8.59,3.65,-1.49,0.25,-0.36,0.38,33.01,0
10.20,-8.64,4.42,-0.73,0.24,-0.57,0.15,33.01,0
10.25,-8.60,3.82,-1.01,0.17,-0.33,0.32,33.02,1
10.30,-8.22,5.71,-0.75,-0.35,-0.47,0.12,33.02,0
10.35,-8.37,4.75,0.45,-0.35,0.35,-1.08,32.99,0
10.40,-8.60,4.04,0.43,0.22,1.71,-1.81,33.02,0
10.45,-9.19,-0.08,-2.36,0.47,2.87,-0.82,33.02,0
10.50,-11.39,3.44,-2.98,1.29,2.38,1.83,33.03,0
10.55,-11.76,5.47,6.28,0.98,-1.35,2.53,33.02,0
10.60,-9.94,5.19,-1.15,0.57,-4.37,1.01,33.02,0
10.65,-3.67,6.90,-0.91,-1.61,-2.02,-1.08,32.99,0
10.70,-4.24,3.79,3.07,-0.96,-2.03,0.83,33.03,0
10.75,-5.00,8.66,1.57,-1.79,-2.19,1.26,33.01,0
10.80,-7.97,9.51,1.35,-2.05,-1.48,1.93,33.02,0
10.85,-6.36,10.02,1.51,-0.86,-1.07,2.07,33.01,0
10.90,-6.38,7.97,2.50,-0.47,-0.97,1.82,33.02,0
10.95,-8.64,7.30,5.87,0.39,-0.74,1.49,33.03,0
11.00,-4.73,4.25,3.28,-0.35,-0.16,-0.01,33.02,0
11.05,-3.62,4.77,4.64,0.23,-0.66,0.33,33.02,0
11.10,-5.36,6.32,6.10,0.49,-0.68,0.05,33.02,0
11.15,-3.46,4.56,5.73,0.65,-0.57,-0.61,33.02,0
11.20,-3.16,6.49,4.24,-0.38,0.03,-0.09,33.02,0
11.25,-3.87,4.53,5.18,-0.53,0.46,0.32,33.00,0
11.30,-4.22,3.92,3.77,-0.28,0.69,-0.26,33.00,0
11.35,-7.06,7.44,12.33,0.00,1.24,-1.59,33.03,0
11.40,-4.55,4.83,4.71,0.28,2.01,-0.45,33.03,0
11.45,-5.95,4.22,6.15,0.07,-0.27,-0.28,33.02,0
11.50,-5.76,2.98,6.41,0.43,-0.04,0.28,33.02,0
11.55,-4.73,5.79,5.41,0.41,0.01,0.19,33.02,0
11.60,-4.77,4.98,5.88,0.29,0.02,0.09,33.02,0
11.65,-4.84,5.12,5.70,-0.15,0.07,-0.15,33.02,0
11.70,-5.30,5.76,5.43,-0.78,-0.23,-0.54,33.02,0
11.75,-5.09,0.10,7.46,-0.68,-0.02,-0.51,33.02,0
11.80,-5.26,3.51,6.79,-0.05,1.15,0.20,33.02,0
11.85,-6.08,2.16,5.74,1.16,2.12,-0.31,33.02,0
11.90,-7.28,5.23,3.08,0.93,2.82,-0.81,33.02,0
11.95,-8.04,3.04,2.60,1.41,2.85,-1.19,33.06,0
12.00,-9.07,2.77,-1.79,0.53,2.48,-1.01,33.04,0
12.05,-9.26,1.75,-2.60,0.23,0.45,-0.79,33.03,0
12.10,-9.37,1.31,-1.99,0.19,-0.11,0.00,33.04,0
12.15,-9.40,2.37,-0.91,0.40,0.16,-0.17,33.03,0
12.20,-9.43,1.96,-2.69,0.09,-0.41,-0.27,33.02,0
12.25,-9.35,-0.08,-0.68,0.63,-0.30,0.06,33.04,0
12.30,-9.54,3.87,-1.55,0.01,0.13,0.01,33.06,0
12.35,-8.86,1.21,-0.23,0.10,-0.43,-0.35,33.04,0
12.40,-9.89,0.92,-0.70,0.28,2.00,-0.61,33.03,0
12.45,-14.02,3.22,-1.87,-1.05,3.73,-0.93,33.05,0
12.50,-15.93,1.36,10.78,1.01,-2.10,0.07,33.04,0
12.55,-3.26,5.22,4.20,-0.10,-3.20,1.03,33.03,0
12.60,-6.14,3.81,5.86,0.15,-3.03,1.15,33.04,0
12.65,-9.16,5.96,6.04,0.10,-3.79,0.99,33.04,0
12.70,-9.43,7.91,3.85,-0.36,-2.94,1.69,33.04,0
12.75,-9.26,6.97,4.91,-0.25,-1.54,2.64,33.04,0
12.80,-9.16,4.99,5.38,-0.20,-1.63,1.99,33.04,0
12.85,-9.39,4.67,2.15,0.56,-1.30,1.02,33.04,0
12.90,-6.22,4.62,2.38,0.07,-0.40,0.41,33.05,0
12.95,-4.53,4.87,4.14,-0.60,0.58,0.92,33.04,0
13.00,-5.20,3.62,4.26,0.19,0.15,0.30,33.04,0
13.05,-4.27,6.00,4.38,0.93,-0.57,-0.77,33.04,0
13.10,-1.76,7.01,4.98,0.27,-0.06,-0.64,33.03,0
13.15,-11.96,1.22,7.75,-0.52,2.34,-1.64,33.06,0
13.20,-2.96,9.42,2.19,0.07,1.91,-0.25,33.03,0
13.25,-5.84,8.25,5.24,-0.52,-0.21,-0.58,33.02,0
13.30,-5.43,4.75,5.77,0.04,-0.15,-0.13,33.04,0
13.35,-4.98,4.72,5.96,0.31,-0.09,0.14,33.04,0
13.40,-4.96,4.26,6.20,0.51,-0.05,0.19,33.05,2
13.45,-4.91,5.17,5.69,-0.04,0.03,-0.10,33.04,0
13.50,-5.05,4.25,6.00,-0.19,0.05,-0.20,33.04,0
13.55,-4.88,4.50,6.18,-0.01,0.13,-0.12,33.05,0
13.60,-5.29,4.20,6.22,0.43,0.54,-0.18,33.04,0
13.65,-5.61,5.67,5.38,0.72,1.30,-0.29,33.06,0
13.70,-6.35,5.25,4.65,0.24,1.71,-0.92,33.05,0
13.75,-7.41,3.96,3.23,0.46,1.75,-1.40,33.04,0
13.80,-8.13,2.90,2.72,0.50,2.08,-1.06,33.04,0
13.85,-8.85,2.25,0.02,0.33,1.92,-0.87,33.05,0
13.90,-9.33,1.53,-1.25,0.44,1.23,-0.78,33.02,0
13.95,-9.39,1.71,-1.70,0.23,0.22,-0.30,33.04,0
14.00,-9.41,1.55,-1.38,0.27,0.22,-0.21,33.06,0
14.05,-9.43,1.47,-1.56,0.32,0.14,-0.45,33.03,0
14.10,-9.57,1.78,-1.42,0.26,-0.06,-0.20,33.04,0
14.15,-9.44,1.45,-0.55,0.32,-0.39,-0.05,33.04,0
14.20,-9.73,0.58,-1.45,-0.06,0.06,-0.45,33.04,0
14.25,-9.73,2.95,0.15,0.06,0.94,-0.52,33.06,0
14.30,-11.44,0.24,-3.09,0.20,2.37,-1.19,33.04,0
14.35,-12.26,3.60,0.32,0.05,2.02,-0.69,33.05,0
14.40,-5.43,5.36,4.85,0.65,-3.91,1.36,33.04,0
14.45,-6.78,3.14,5.98,0.35,-3.59,1.74,33.06,0
14.50,-8.08,3.46,3.89,0.05,-3.65,1.93,33.05,0
14.55,-9.80,5.66,5.22,0.09,-3.33,1.67,33.05,0
14.60,-7.86,7.00,3.43,-0.47,-1.93,2.47,33.04,0
14.65,-8.73,3.57,7.07,-0.28,-1.60,2.82,33.05,0
14.70,-9.67,4.47,5.72,0.66,-1.07,1.15,33.05,0
14.75,-8.11,2.22,2.75,0.36,-1.16,0.58,33.06,0
14.80,-6.10,6.98,4.93,-0.10,-0.17,0.20,33.06,0
14.85,-2.73,5.07,5.34,-0.34,0.42,0.29,33.06,0
14.90,-4.51,3.65,5.44,0.01,0.04,-0.07,33.05,0
14.95,-5.06,4.48,3.86,0.20,0.23,-0.52,33.05,0
15.00,-8.38,3.19,4.95,0.08,2.17,-1.83,33.03,0
15.05,-3.60,8.72,4.03,0.33,2.05,0.07,33.05,0
15.10,-7.71,6.29,5.50,-0.42,-0.08,-0.66,33.04,0
15.15,-5.18,5.66,5.26,0.10,-0.14,-0.13,33.06,0
15.20,-4.97,5.08,5.69,0.07,-0.07,-0.07,33.06,0
15.25,-4.67,5.19,6.07,-0.41,-0.16,-0.41,33.06,0
15.30,-5.18,3.78,6.30,-0.53,-0.29,-0.45,33.06,0
15.35,-4.96,3.36,6.63,-0.44,-0.15,-0.35,33.07,0
15.40,-5.12,3.14,6.81,0.00,0.24,-0.03,33.06,4
15.45,-5.42,3.89,6.71,0.37,0.97,-0.43,33.04,0
15.50,-5.95,2.68,6.24,0.28,1.87,-0.45,33.07,0
15.55,-7.24,2.90,3.80,0.64,2.61,-0.69,33.05,8
15.60,-8.16,3.86,2.75,0.86,2.62,-0.84,33.07,0
15.65,-8.84,2.36,0.96,0.96,2.38,-1.01,33.05,0
15.70,-9.30,1.87,-1.74,0.71,1.90,-0.93,33.07,0
15.75,-9.45,1.13,-2.06,0.24,0.48,-0.59,33.07,0
15.80,-9.53,0.98,-2.14,0.24,0.38,-0.11,33.05,0
15.85,-9.37,1.81,-2.13,0.10,-0.04,-0.01,33.06,0
15.90,-9.81,1.05,-2.77,0.23,-0.67,0.64,33.07,0
15.95,-8.71,-0.95,-3.17,0.47,-1.31,1.07,33.05,0
16.00,-8.95,2.70,-1.32,-0.06,-1.50,0.79,33.06,0
16.05,-9.01,3.26,0.79,-0.14,-0.80,0.35,33.08,0
16.10,-8.54,3.54,1.57,-0.09,0.22,-0.34,33.07,0
16.15,-8.80,3.73,1.22,-0.02,2.13,-1.41,33.08,0
16.20,-14.14,2.31,-3.14,0.52,4.37,-1.81,33.07,0
16.25,-15.01,8.74,13.42,1.43,-1.79,1.53,33.06,0
16.30,-4.81,3.74,8.11,0.13,-3.22,1.02,33.06,0
16.35,-5.26,5.63,4.58,-0.39,-4.30,0.83,33.06,0
16.40,-9.39,7.32,4.20,-0.70,-4.03,2.15,33.05,0
16.45,-11.49,7.68,1.85,-0.87,-2.78,2.60,33.08,0
16.50,-10.70,6.32,3.78,-0.18,-1.72,2.40,33.06,0
16.55,-11.14,3.00,5.33,0.65,-1.18,0.77,33.06,0
16.60,-6.45,3.39,2.89,0.65,-1.05,0.52,33.07,0
16.65,-4.87,4.76,3.84,0.23,-0.55,0.75,33.06,0
16.70,-5.12,5.95,5.90,0.19,0.02,0.56,33.07,0
16.75,-4.58,3.92,3.75,0.34,0.17,0.22,33.07,0
16.80,-5.35,4.13,2.95,-0.22,0.61,-0.69,33.06,0
16.85,-9.20,-1.76,0.07,-0.41,2.07,-1.55,33.05,0
16.90,-3.78,9.37,2.91,0.27,2.47,0.29,33.06,0
16.95,-5.14,10.15,2.64,-0.05,0.08,-0.11,33.06,0
17.00,-4.55,6.22,4.99,0.26,-0.19,-0.00,33.06,0
17.05,-5.12,5.77,5.37,-0.42,-0.00,-0.59,33.06,0
17.10,-4.75,5.48,5.51,0.08,-0.08,-0.06,33.07,0
17.15,-4.56,5.81,5.54,-0.36,-0.04,-0.41,33.07,0
17.20,-5.03,4.31,6.09,-0.16,0.03,-0.24,33.09,0
17.25,-5.01,5.02,5.78,0.28,0.27,-0.08,33.08,0
17.30,-5.53,4.81,5.57,0.82,0.71,-0.32,33.08,0
17.35,-6.07,5.54,4.41,0.78,1.30,-0.47,33.07,0
17.40,-6.73,4.89,3.59,0.42,1.44,-1.05,33.07,0
17.45,-7.48,3.83,2.91,0.50,1.48,-0.95,33.08,0
17.50,-8.33,3.96,1.48,0.32,1.40,-0.55,33.06,0
17.55,-8.62,3.55,0.71,0.26,0.50,-0.28,33.07,0
17.60,-8.54,4.26,1.10,-0.05,0.19,-0.31,33.07,0
17.65,-8.85,3.86,0.76,-0.01,0.38,-0.35,33.07,0
17.70,-8.77,3.26,0.60,0.15,0.54,-0.63,33.08,0
17.75,-9.04,2.89,0.01,0.09,0.62,-0.35,33.07,0
17.80,-9.13,2.42,-0.51,0.31,0.22,0.03,33.07,0
17.85,-9.10,2.60,-0.75,0.12,-0.15,-0.10,33.09,0
17.90,-9.09,3.57,-0.18,0.16,-0.29,0.16,33.08,0
17.95,-9.00,3.12,-0.13,0.17,-0.38,-0.08,33.07,0
18.00,-9.06,2.94,0.09,0.10,0.12,-0.43,33.07,0
18.05,-9.05,3.45,1.05,0.00,0.83,-0.72,33.08,4
18.10,-9.51,1.55,-1.09,0.09,2.18,-1.61,33.07,0
18.15,-16.08,5.91,-0.75,0.24,3.81,-0.64,33.06,0
18.20,-6.52,6.85,8.78,1.55,-2.80,0.80,33.07,0
18.25,-4.08,3.92,6.99,0.45,-3.84,0.94,33.07,0
18.30,-6.38,4.02,4.65,-0.09,-4.21,1.82,33.09,0
18.35,-11.05,6.22,4.97,-0.09,-3.87,2.34,33.09,0
18.40,-11.63,7.01,3.41,-0.06,-2.87,1.94,33.07,0
18.45,-9.79,4.30,5.84,-0.36,-1.53,2.81,33.11,0
18.50,-10.42,3.49,6.33,0.48,-2.04,1.38,33.08,0
18.55,-9.83,2.58,0.84,0.83,-1.46,0.40,33.09,0
18.60,-3.20,5.90,3.73,0.20,-0.50,-0.22,33.07,0
18.65,-3.39,6.87,3.98,-0.18,0.41,0.12,33.08,0
18.70,6.75,3.71,8.49,-0.35,1.77,-0.38,33.09,0
18.75,-2.83,2.50,6.71,-0.12,1.62,-0.28,33.09,0
18.80,-3.69,2.88,8.33,-0.27,1.20,-0.68,33.07,0
18.85,0.59,4.39,2.42,0.35,1.91,-1.16,33.10,0
18.90,-7.90,7.32,5.11,-0.42,-0.27,-0.69,33.08,0
18.95,-5.69,5.23,5.48,-0.43,-0.35,-0.61,33.09,0
19.00,-5.35,2.98,6.77,-0.52,-0.20,-0.42,33.10,0
19.05,-5.03,3.28,6.58,-0.24,-0.16,-0.26,33.09,0
19.10,-5.13,3.44,6.56,0.07,0.00,0.03,33.08,0
19.15,-5.07,3.34,6.57,-0.07,-0.02,-0.11,33.09,0
19.20,-5.09,3.14,6.95,-0.00,0.41,-0.10,33.08,0
19.25,-5.80,2.73,6.68,0.48,1.30,-0.46,33.09,0
19.30,-6.55,3.76,5.72,0.47,2.29,-0.86,33.09,0
19.35,-7.59,2.78,4.22,0.79,2.47,-1.20,33.09,11
19.40,-8.62,2.00,1.13,0.88,2.63,-1.16,33.09,0
19.45,-9.40,0.84,-0.18,0.40,1.60,-0.95,33.07,0
19.50,-9.69,0.77,-1.45,0.22,0.80,-0.18,33.09,0
19.55,-9.72,2.15,-1.52,0.33,-0.40,-0.15,33.07,0
19.60,-9.48,1.06,0.29,0.46,-0.36,-0.12,33.07,0
19.65,-9.65,1.00,-0.91,0.31,-0.34,-0.02,33.08,0
19.70,-9.45,0.85,0.50,-0.45,-0.76,0.25,33.08,0
19.75,-9.35,2.20,1.57,-0.31,-0.11,0.17,33.09,0
19.80,-9.28,3.05,1.95,-0.26,1.18,0.01,33.10,0
19.85,-10.77,2.18,-1.02,-0.47,2.28,-1.60,33.11,0
19.90,-13.06,3.33,-0.23,0.22,1.35,-1.22,33.10,0
19.95,-6.22,9.99,5.19,0.68,-1.29,0.38,33.07,0
20.00,-6.10,4.30,6.79,-0.11,-2.46,2.30,33.07,0
20.05,-8.34,2.44,5.88,0.69,-4.00,2.28,33.08,0
20.10,-8.80,5.27,5.20,0.14,-3.45,2.02,33.09,0
20.15,-9.21,3.87,7.13,-0.23,-2.20,2.26,33.09,0
20.20,-7.21,5.71,6.77,-0.13,-1.85,1.82,33.06,0
20.25,-9.45,4.07,4.53,-0.17,-1.41,1.38,33.09,0
20.30,-8.45,3.79,5.15,0.28,-0.96,0.08,33.09,0
20.35,-3.97,4.05,3.28,0.09,-0.28,0.26,33.09,0
20.40,-4.37,4.50,4.32,0.10,0.13,0.51,33.08,0
20.45,-3.57,5.61,6.02,0.26,0.34,0.05,33.09,0
20.50,-3.19,4.51,6.06,0.33,-0.14,-0.76,33.08,0
20.55,-0.51,6.36,4.83,0.09,0.08,-1.02,33.09,0
20.60,-6.29,7.02,3.51,-0.31,1.72,-0.79,33.07,0
20.65,-3.22,5.16,6.49,-0.48,1.62,-0.11,33.08,0
20.70,-5.09,4.63,6.10,0.91,1.27,-0.55,33.09,0
20.75,-6.00,4.26,6.56,-0.27,-0.01,-0.39,33.09,0
20.80,-5.37,5.35,5.37,0.28,-0.27,-0.13,33.09,0
20.85,-5.17,5.32,5.55,-0.40,-0.10,-0.34,33.09,0
20.90,-5.50,6.59,4.51,-1.20,-0.42,-0.90,33.08,0
20.95,-5.27,2.58,6.85,-0.07,0.17,-0.02,33.09,0
21.00,-5.71,4.67,6.39,0.37,0.79,-0.17,33.09,1
21.05,-5.77,4.19,5.92,0.65,1.59,-0.60,33.09,0
21.10,-6.79,3.09,5.19,0.94,2.54,-0.63,33.08,6
21.15,-8.02,4.54,2.06,0.69,2.46,-0.92,33.09,0
21.20,-8.68,1.98,0.97,0.64,2.00,-1.00,33.08,0
21.25,-9.17,2.10,-0.83,0.55,1.16,-0.58,33.10,0
21.30,-9.28,1.49,-0.36,0.35,0.24,-0.05,33.07,0
21.35,-9.30,3.31,-0.29,-0.01,-0.20,0.11,33.07,0
21.40,-9.30,2.45,-0.47,0.28,-0.27,0.29,33.09,0
21.45,-8.92,3.05,-0.69,0.06,-0.63,0.19,33.09,0
21.50,-9.33,3.99,0.32,0.01,-0.90,0.72,33.09,0
21.55,-8.32,3.05,1.34,0.05,-1.17,0.55,33.08,0
21.60,-8.09,4.70,2.43,-0.19,-0.34,0.28,33.06,0
21.65,-8.41,4.55,1.42,-0.14,0.30,-0.63,33.07,0
21.70,-8.20,3.06,2.42,0.65,1.89,-1.23,33.08,0
21.75,-10.26,2.42,1.29,0.34,3.43,-2.30,33.08,0
21.80,-15.50,1.75,-0.71,0.59,3.47,-1.70,33.09,0
21.85,-18.16,6.18,12.60,1.54,-1.02,0.32,33.09,0
21.90,-5.53,4.32,6.31,0.13,-4.05,1.38,33.08,0
21.95,-6.52,3.65,3.63,-0.46,-4.11,2.14,33.06,0
22.00,-10.15,5.25,3.93,-0.73,-4.00,2.34,33.11,0
22.05,-11.33,7.27,2.46,-0.79,-2.86,2.21,33.07,0
22.10,-8.98,5.72,4.70,-0.35,-1.55,1.95,33.10,0
22.15,-9.16,2.89,5.90,0.35,-1.77,0.92,33.10,0
22.20,-7.62,6.11,3.90,0.51,-1.63,0.95,33.11,0
22.25,-7.28,5.11,4.49,0.18,-0.45,0.56,33.10,0
22.30,-3.38,3.36,3.73,0.18,0.00,0.51,33.11,0
22.35,-3.35,3.69,3.80,0.33,-0.06,0.18,33.11,0
22.40,-5.95,5.76,6.48,0.50,0.19,-0.54,33.09,0
22.45,-2.77,5.27,4.88,-0.16,0.68,-0.50,33.12,0
22.50,-3.49,7.45,4.96,0.17,1.73,-1.39,33.12,0
22.55,-6.82,2.93,4.62,0.33,1.12,-1.36,33.10,0
22.60,-6.05,4.13,6.48,-0.56,-0.10,-0.75,33.08,0
22.65,-5.92,5.28,5.26,0.16,-0.21,-0.21,33.10,0
22.70,-5.21,5.34,5.43,0.09,-0.15,-0.04,33.06,0
22.75,-5.31,4.50,5.95,-0.35,-0.20,-0.37,33.06,0
22.80,-5.20,3.03,6.35,-0.66,-0.25,-0.61,33.06,0
22.85,-4.17,3.83,6.79,0.04,0.03,0.09,33.08,0
22.90,-5.27,3.94,6.68,0.30,0.43,0.02,33.09,0
22.95,-5.68,4.14,6.04,0.57,1.12,-0.33,33.09,0
23.00,-6.17,3.41,5.46,0.40,1.75,-0.67,33.09,8
23.05,-7.18,3.54,3.92,0.37,2.09,-0.67,33.08,5
23.10,-8.09,3.07,2.29,0.43,1.96,-0.67,33.09,0
23.15,-8.69,2.80,1.37,0.21,1.14,-0.55,33.09,0
23.20,-9.23,2.45,0.39,0.19,0.53,-0.22,33.08,0
23.25,-9.02,2.10,0.32,0.04,-0.32,-0.07,33.09,0
23.30,-8.94,2.45,0.97,0.23,-0.74,0.07,33.07,0
23.35,-8.73,2.15,1.64,0.09,-1.08,0.15,33.09,0
23.40,-8.19,0.95,2.63,0.25,-1.11,0.46,33.10,0
23.45,-8.05,3.51,3.29,-0.36,-1.18,0.36,33.09,1
23.50,-7.37,2.91,4.78,0.00,-0.90,0.21,33.10,0
23.55,-7.22,3.33,4.89,0.04,-0.06,0.09,33.08,0
23.60,-7.24,4.04,4.69,0.11,0.79,-0.40,33.09,0
23.65,-7.74,3.54,4.25,0.02,2.28,-1.31,33.07,0
23.70,-8.00,3.39,2.61,0.26,3.89,-1.91,33.08,0
23.75,-19.46,7.49,6.99,0.77,1.98,-1.35,33.10,0
23.80,-2.65,7.36,6.11,0.36,-1.71,0.64,33.07,0
23.85,-5.00,1.90,6.06,0.23,-2.58,1.77,33.08,0
23.90,-8.21,4.62,4.81,-0.04,-3.42,1.28,33.10,0
23.95,-10.37,5.16,5.19,-0.11,-2.66,2.00,33.09,0
24.00,-8.54,4.31,6.04,-0.23,-1.43,2.28,33.09,0
24.05,-7.96,3.31,6.80,0.29,-1.78,1.54,33.07,0
24.10,-10.37,7.26,6.21,0.09,-1.55,1.42,33.09,0
24.15,-6.92,2.20,2.53,0.07,-0.39,0.24,33.10,0
24.20,-4.19,5.28,3.56,-0.33,0.10,0.52,33.12,0
24.25,-4.91,5.71,6.56,0.09,0.07,0.64,33.08,0
24.30,-3.87,3.39,4.07,0.49,-0.40,-0.38,33.09,0
24.35,-4.27,4.84,3.44,0.60,-0.23,-0.59,33.10,0
24.40,-1.05,8.36,4.71,-0.26,1.03,-0.26,33.08,0
24.45,-8.56,5.20,13.07,-1.03,3.54,-1.58,33.09,0
24.50,-8.69,-4.22,9.42,0.46,-0.57,-0.70,33.09,0
24.55,-6.72,5.60,5.20,-0.72,-0.45,-0.66,33.11,0
24.60,-5.08,3.81,6.32,-0.19,-0.10,-0.21,33.09,0
24.65,-5.10,3.44,6.48,-0.21,-0.14,-0.20,33.09,0
24.70,-5.08,3.23,6.53,0.01,-0.08,-0.03,33.09,0
24.75,-5.05,3.64,6.50,-0.08,-0.06,-0.07,33.11,0
24.80,-4.91,2.65,7.01,0.19,0.42,0.15,33.09,0
24.85,-5.52,4.63,6.15,0.47,0.89,0.11,33.09,0
24.90,-6.00,3.39,5.71,0.62,1.15,-0.46,33.09,0
24.95,-6.52,3.70,4.75,0.60,1.61,-0.42,33.09,5
25.00,-7.49,3.65,3.61,0.79,1.90,-0.38,33.10,0
25.05,-7.97,4.16,2.30,0.57,1.49,-0.54,33.09,0
25.10,-8.47,3.45,1.22,0.50,1.20,-0.58,33.09,0
25.15,-8.88,3.31,0.56,0.35,0.78,-0.50,33.08,0
25.20,-9.08,2.64,0.11,0.31,0.34,-0.25,33.08,0
25.25,-9.21,2.52,-0.28,0.30,0.35,-0.18,33.07,0
25.30,-9.15,2.94,-0.24,0.24,0.24,-0.36,33.08,0
25.35,-9.28,2.77,-0.36,0.31,0.47,-0.22,33.07,0
25.40,-9.32,2.61,-1.32,0.41,0.54,-0.43,33.08,0
25.45,-9.29,2.41,-1.24,0.66,0.47,-0.60,33.09,0
25.50,-9.35,2.69,-0.42,0.23,1.31,-1.18,33.07,0
25.55,-9.27,0.74,-2.36,0.37,3.08,-1.87,33.11,0
25.60,-16.94,2.30,-3.91,0.81,3.14,-0.08,33.09,0
25.65,-10.29,5.43,6.05,1.04,-4.00,1.04,33.12,1
25.70,-7.52,4.49,4.67,0.10,-3.94,1.94,33.08,0
25.75,-8.03,1.08,3.84,-0.31,-3.99,2.18,33.08,0
25.80,-8.01,5.73,3.25,-1.11,-3.81,1.56,33.11,0
25.85,-9.25,6.47,3.61,-1.00,-2.52,2.45,33.09,0
25.90,-9.38,5.79,6.05,-0.49,-1.67,2.04,33.08,0
25.95,-8.21,5.32,5.20,0.19,-1.84,1.36,33.09,0
26.00,-9.13,2.43,4.08,0.73,-1.71,1.01,33.10,0
26.05,-8.49,6.31,5.07,0.13,-0.04,-0.12,33.10,0
26.10,-5.43,3.94,1.15,0.23,0.13,0.38,33.08,0
26.15,-4.88,3.13,4.08,0.38,-0.09,-0.28,33.10,0
26.20,-4.18,7.23,3.37,0.25,0.80,-0.21,33.10,0
26.25,-10.88,0.26,8.84,-0.56,2.22,-2.13,33.10,0
26.30,-3.65,9.92,3.50,-0.05,2.80,0.75,33.11,0
26.35,-5.90,5.83,5.80,-0.45,-0.09,-0.39,33.08,0
26.40,-5.17,4.75,5.82,0.09,-0.21,-0.15,33.09,0
26.45,-4.95,5.18,5.75,0.35,0.04,0.30,33.09,0
26.50,-4.66,5.40,5.56,-0.18,-0.07,-0.23,33.11,0
26.55,-4.50,6.37,5.70,-1.01,-0.45,-0.94,33.07,0
26.60,-5.00,1.56,7.15,-0.46,-0.19,-0.34,33.09,0
26.65,-4.80,3.57,6.65,-0.16,-0.06,-0.11,33.10,0
26.70,-5.15,3.25,6.67,0.21,0.23,0.13,33.11,0
26.75,-5.36,3.71,6.68,0.30,0.61,-0.03,33.07,0
26.80,-5.89,4.21,6.00,0.25,1.01,-0.46,33.10,0
26.85,-6.27,1.93,6.20,0.31,1.58,-0.65,33.09,0
26.90,-7.32,3.31,4.17,0.34,2.29,-0.58,33.11,0
26.95,-8.52,2.94,2.44,0.59,2.47,-1.12,33.09,0
27.00,-8.92,1.62,0.91,0.86,1.51,-0.95,33.12,0
27.05,-9.42,1.70,-0.19,0.39,0.83,-0.31,33.11,0
27.10,-9.40,0.94,-0.26,0.32,0.26,0.06,33.10,0
27.15,-9.48,1.70,-0.47,0.12,0.04,0.00,33.09,0
27.20,-9.34,1.89,-0.18,0.16,-0.07,-0.03,33.10,0
27.25,-9.39,1.73,-0.08,0.12,0.11,0.01,33.11,0
27.30,-9.50,2.06,-0.58,0.22,0.29,-0.29,33.10,0
27.35,-9.47,1.80,-0.46,0.54,0.68,-0.70,33.09,0
27.40,-8.94,1.71,-0.73,0.12,2.33,-1.70,33.09,0
27.45,-12.27,-0.67,-3.63,0.68,3.40,-0.98,33.09,0
27.50,-16.64,4.73,0.51,0.05,-0.72,0.11,33.11,0
27.55,-5.31,3.42,5.38,0.70,-2.70,0.67,33.12,0
27.60,-4.26,4.26,4.88,0.42,-2.53,1.22,33.10,0
27.65,-8.43,2.42,6.35,0.02,-3.48,2.39,33.11,0
27.70,-11.00,5.93,5.35,-0.60,-3.22,2.12,33.11,0
27.75,-9.46,6.28,1.99,-0.92,-2.04,2.24,33.13,0
27.80,-10.21,4.19,6.90,-0.31,-1.59,2.47,33.11,0
27.85,-9.95,4.24,5.16,0.17,-1.59,0.94,33.11,0
27.90,-6.83,4.52,4.50,0.46,-1.20,0.91,33.10,0
27.95,-8.04,2.69,0.37,0.74,-1.25,0.25,33.11,0
28.00,-3.50,5.97,5.11,-0.12,0.12,0.05,33.10,0
28.05,-7.37,3.81,1.43,0.02,0.54,-0.34,33.12,0
28.10,-9.39,-0.68,-3.04,0.04,1.55,-0.92,33.10,0
28.15,-4.78,4.89,6.24,-0.27,2.22,-0.22,33.08,0
28.20,-8.21,8.97,9.78,0.23,0.16,-0.72,33.09,0
28.25,-5.46,5.01,5.70,0.04,-0.34,-0.34,33.10,0
28.30,-5.33,4.11,5.83,-0.36,-0.18,-0.41,33.08,0
28.35,-4.98,5.10,5.79,0.31,-0.03,0.17,33.09,0
28.40,-4.75,4.37,6.06,0.10,-0.02,0.02,33.10,0
28.45,-5.12,4.90,5.80,-0.00,-0.01,-0.17,33.09,0
28.50,-5.07,4.31,6.09,-0.20,0.06,-0.27,33.09,0
28.55,-5.30,3.80,6.37,0.04,0.29,-0.24,33.08,0
28.60,-5.43,4.60,6.05,0.23,0.87,-0.50,33.10,1
28.65,-6.15,3.79,5.30,0.15,1.70,-0.74,33.10,6
28.70,-7.40,3.43,3.97,0.54,2.09,-0.69,33.10,5
28.75,-8.12,3.35,2.33,0.52,1.68,-0.71,33.09,9
28.80,-8.68,2.76,1.47,0.25,0.82,-0.45,33.09,0
28.85,-8.93,3.18,1.21,0.15,0.41,-0.26,33.09,0
28.90,-8.60,2.20,1.75,0.20,-0.08,-0.28,33.10,0
28.95,-9.15,2.96,1.50,0.06,0.19,-0.24,33.07,0
29.00,-8.95,2.26,1.43,0.44,0.60,-0.31,33.10,0
29.05,-9.15,2.59,0.46,0.35,1.06,-0.67,33.09,0
29.10,-9.26,1.88,-0.45,0.42,1.18,-0.92,33.12,0
29.15,-9.18,1.47,-0.51,0.36,1.92,-1.35,33.09,0
29.20,-10.60,-0.64,-3.25,0.23,3.26,-1.80,33.09,0
29.25,-18.60,2.06,-7.94,-0.48,1.31,-1.38,33.09,0
29.30,-4.72,0.94,1.92,-0.09,-3.52,2.33,33.09,0
29.35,-5.80,1.41,4.64,0.41,-2.79,0.77,33.09,15
29.40,-5.86,3.36,5.80,-0.03,-2.88,1.43,33.07,0
29.45,-8.30,4.29,6.58,-0.53,-2.99,1.72,33.08,0
29.50,-9.97,6.39,5.37,-0.39,-2.86,1.57,33.09,0
29.55,-8.59,6.23,5.37,-0.10,-2.27,1.74,33.09,0
29.60,-7.65,2.75,5.25,0.47,-2.07,1.16,33.09,0
29.65,-10.39,5.26,3.56,0.75,-1.78,1.45,33.09,0
29.70,-10.85,5.72,2.05,1.40,-0.15,0.54,33.09,0
29.75,-7.56,3.11,0.62,-0.06,0.47,0.35,33.10,0
29.80,-4.80,5.81,2.80,-0.10,0.01,-0.52,33.10,0
29.85,-3.36,11.68,17.91,-0.67,3.24,-1.50,33.06,0
29.90,-2.08,1.43,2.23,0.42,1.16,-2.30,33.09,0
29.95,-5.90,6.40,4.95,-0.44,-0.13,-0.41,33.07,5
30.00,-6.02,3.33,6.17,0.24,-0.13,0.07,33.08,0
30.05,-5.31,4.96,5.59,0.64,-0.01,0.33,33.09,0
30.10,-5.09,5.16,5.58,0.28,-0.02,0.09,33.07,0
30.15,-4.86,5.11,5.59,0.01,0.02,-0.07,33.07,0
30.20,-5.06,4.75,5.78,-0.12,-0.04,-0.25,33.09,0
30.25,-5.11,4.73,5.80,0.04,0.06,-0.22,33.09,0
30.30,-5.10,4.69,5.98,0.40,0.39,-0.21,33.09,0
30.35,-5.67,5.69,5.15,0.16,0.67,-0.47,33.09,0
30.40,-6.11,4.11,5.20,0.05,0.97,-0.72,33.08,0
30.45,-7.00,3.60,4.40,0.35,1.71,-0.55,33.08,0
30.50,-7.65,3.86,3.06,0.39,1.61,-0.53,33.10,0
30.55,-8.08,3.45,2.01,0.53,0.93,-0.35,33.10,0
30.60,-8.47,3.57,1.91,0.38,0.64,-0.39,33.09,0
30.65,-8.71,3.46,1.18,0.04,0.68,-0.42,33.09,0
30.70,-8.83,3.25,0.93,0.12,0.46,-0.73,33.09,0
30.75,-9.18,2.68,0.29,0.17,0.90,-0.68,33.07,0
30.80,-9.03,2.11,0.15,0.49,1.09,-1.30,33.09,0
30.85,-9.13,1.43,0.14,0.11,2.41,-1.93,33.08,0
30.90,-12.23,-0.48,-5.16,0.13,3.58,-1.97,33.08,0
30.95,-14.92,2.60,-2.55,-0.34,1.38,-0.93,33.08,0
31.00,-10.51,4.78,7.13,1.10,-3.69,1.55,33.09,0
31.05,-5.38,3.28,6.26,0.19,-3.36,1.40,33.10,0
31.10,-6.69,0.31,6.27,0.27,-3.90,2.03,33.08,0
31.15,-8.22,6.60,3.80,-0.28,-4.09,2.25,33.08,0
31.20,-11.92,6.12,4.18,-0.42,-2.76,3.00,33.08,0
31.25,-11.39,4.27,5.70,-0.24,-1.87,2.57,33.09,0
31.30,-12.12,4.74,4.83,0.48,-1.34,1.66,33.09,0
31.35,-9.17,2.34,2.95,0.40,-1.26,-0.07,33.10,0
31.40,-3.95,5.12,3.75,0.11,-0.59,0.33,33.10,0
31.45,-5.29,4.68,4.74,0.09,-0.39,0.34,33.07,0
31.50,19.67,-1.61,0.53,1.27,2.74,-1.72,33.09,0
31.55,-5.44,7.00,5.13,0.03,1.22,-0.34,33.07,3
31.60,-3.24,3.46,6.00,-0.13,1.37,-0.70,33.09,0
31.65,-9.29,6.64,5.54,-0.50,-0.04,-0.64,33.08,0
31.70,-5.58,5.19,5.78,-0.23,-0.17,-0.35,33.08,0
31.75,-5.53,3.98,6.07,-0.12,-0.16,-0.14,33.08,0
31.80,-5.04,4.18,6.20,0.17,-0.06,0.06,33.07,0
31.85,-4.72,4.29,6.43,-0.03,-0.07,-0.09,33.07,0
31.90,-4.89,3.96,6.43,-0.06,-0.07,-0.16,33.07,0
31.95,-5.05,3.89,6.47,0.16,0.17,-0.09,33.07,0
32.00,-5.26,5.08,6.18,0.20,0.35,-0.37,33.09,0
32.05,-5.51,3.58,6.30,0.08,0.92,-0.53,33.08,3
32.10,-6.30,3.04,5.43,0.35,1.83,-0.41,33.05,6
32.15,-7.13,3.30,4.11,1.28,1.99,-0.32,33.08,0
32.20,-8.09,4.32,2.48,0.87,1.39,-0.73,33.09,0
32.25,-8.65,3.88,1.65,0.06,1.04,-0.76,33.06,0
32.30,-8.76,3.15,1.27,0.01,1.23,-1.06,33.08,0
32.35,-8.79,2.09,1.02,-0.01,1.91,-1.49,33.07,0
32.40,-9.00,1.03,-1.46,0.89,3.45,-1.62,33.09,0
32.45,-11.91,-1.75,-3.11,1.37,4.37,-0.32,33.07,0
32.50,-10.74,2.38,-7.54,-0.51,1.79,-0.73,33.07,0
32.55,-18.28,11.48,7.24,0.49,-4.37,1.13,33.08,0
32.60,-3.99,5.88,2.06,0.28,-2.47,0.94,33.07,2
32.65,-4.53,2.30,4.41,-0.82,-2.88,1.28,33.08,10
32.70,-6.65,5.09,4.67,-0.72,-3.60,1.21,33.07,0
32.75,-8.83,6.01,4.87,-0.51,-2.93,2.61,33.06,0
32.80,-9.91,5.83,5.68,-0.45,-2.49,2.24,33.07,0
32.85,-10.28,6.27,7.90,0.02,-2.09,2.07,33.07,0
32.90,-10.74,3.43,3.72,0.38,-1.79,1.11,33.07,0
32.95,-8.83,3.53,1.91,0.26,-1.09,-0.19,33.07,0
33.00,-5.58,3.81,2.96,0.11,-0.16,0.10,33.07,0
33.05,-6.10,4.39,4.22,-0.05,0.62,-0.44,33.09,0
33.10,-1.97,5.88,3.78,0.14,1.49,-1.02,33.07,0
33.15,-10.25,3.92,12.30,0.04,0.92,-2.49,33.06,0
33.20,-10.75,10.40,12.31,-0.32,1.01,-0.63,33.06,0
33.25,-5.08,4.59,6.03,-0.15,-0.12,-0.23,33.06,0
33.30,-5.43,5.22,5.66,-0.40,-0.25,-0.43,33.09,0
33.35,-5.56,3.20,6.36,-0.38,-0.27,-0.36,33.06,0
33.40,-5.21,4.34,6.17,-0.11,-0.16,-0.15,33.08,0
33.45,-5.10,3.64,6.56,-0.19,-0.16,-0.20,33.07,0
33.50,-4.72,3.09,6.77,-0.16,-0.09,-0.19,33.07,0
33.55,-5.08,3.03,6.79,-0.07,-0.05,-0.08,33.07,0
33.60,-4.86,2.65,6.82,-0.02,-0.04,-0.03,33.07,0
33.65,-5.10,3.42,6.91,0.07,0.13,-0.04,33.04,0
33.70,-5.09,3.09,7.24,0.35,0.71,-0.31,33.06,1
33.75,-5.56,2.52,6.74,0.37,1.56,-0.22,33.07,0
33.80,-6.66,2.99,5.18,0.25,2.17,-0.11,33.04,0
33.85,-7.82,2.80,3.18,1.00,1.86,-0.34,33.05,0
33.90,-8.50,3.71,2.28,1.01,1.36,-0.30,33.04,0
33.95,-8.56,3.22,2.13,0.52,1.36,-0.86,33.07,0
34.00,-8.72,2.90,1.03,0.51,2.12,-1.28,33.06,0
34.05,-9.42,1.67,-1.01,0.35,3.39,-2.64,33.05,0
34.10,-11.79,-1.40,-3.25,0.90,3.92,-1.49,33.06,0
34.15,-12.75,2.26,-3.33,-0.68,0.81,-1.32,33.07,0
34.20,-13.31,6.24,4.86,0.73,-2.35,0.84,33.07,0
34.25,-7.71,1.94,3.90,-0.47,-3.36,1.18,33.07,0
34.30,-4.87,0.76,3.28,-0.51,-4.25,2.06,33.06,0
34.35,-6.89,4.65,1.88,-0.94,-4.04,1.67,33.07,0
34.40,-11.37,6.00,2.26,-0.74,-2.96,3.15,33.07,0
34.45,-9.86,2.35,5.50,-0.04,-1.94,2.08,33.04,0
34.50,-8.01,4.57,6.13,0.46,-2.42,0.69,33.08,0
34.55,-8.16,5.00,4.64,0.74,-0.94,0.82,33.06,0
34.60,-7.93,3.01,3.50,0.52,-0.89,0.23,33.07,0
34.65,-5.13,5.31,3.72,0.16,-0.70,0.37,33.03,0
34.70,-6.40,5.69,4.66,0.15,0.13,0.14,33.04,0
34.75,-5.43,5.21,2.86,0.34,0.75,-0.07,33.05,0
34.80,-9.84,6.59,7.12,0.10,2.22,-1.89,33.04,0
34.85,-6.82,12.01,7.75,0.66,1.78,-0.36,33.05,0
34.90,-5.69,4.59,5.82,-0.37,-0.13,-0.44,33.03,0
34.95,-4.68,5.09,5.71,0.09,-0.35,-0.19,33.04,0
35.00,-5.69,3.25,6.48,-0.02,-0.08,-0.17,33.07,0
35.05,-5.19,5.36,5.41,0.50,0.04,0.19,33.04,0
35.10,-5.15,4.96,5.66,0.29,0.07,0.07,33.05,0
35.15,-4.47,5.76,5.28,0.10,0.07,-0.04,33.05,0
35.20,-4.71,5.46,5.44,-0.38,-0.04,-0.28,33.04,0
35.25,-4.76,6.58,5.23,-0.82,-0.17,-0.56,33.05,0
35.30,-4.93,1.03,7.31,-1.23,-0.41,-0.73,33.04,0
35.35,-5.09,3.49,6.63,-0.22,0.07,0.07,33.06,0
35.40,-5.02,3.06,6.96,0.12,0.24,0.02,33.05,0
35.45,-5.35,3.52,6.68,0.18,0.88,-0.20,33.04,0
35.50,-5.98,3.07,6.09,0.43,1.57,-0.47,33.05,0
35.55,-6.88,2.51,4.84,0.47,2.45,-0.84,33.05,7
35.60,-8.41,2.55,2.49,1.13,2.68,-0.89,33.05,3
35.65,-9.07,1.88,0.30,0.83,1.91,-0.95,33.05,0
35.70,-9.58,1.13,-1.49,0.34,0.65,-0.36,33.05,0
35.75,-9.33,1.51,-0.05,0.27,-0.02,0.06,33.04,0
35.80,-9.30,2.35,-0.16,0.24,0.56,-0.18,33.05,0
35.85,-9.33,2.41,-0.32,0.32,1.54,-0.97,33.06,0
35.90,-9.74,-0.82,-2.92,0.54,3.66,-1.93,33.05,0
35.95,-14.88,3.24,-4.51,-0.18,2.27,-0.43,33.06,0
36.00,-9.95,4.36,4.43,0.26,-4.12,1.68,33.05,0
36.05,-8.42,3.62,4.99,0.18,-3.40,0.62,33.05,0
36.10,-6.29,5.12,3.45,0.04,-3.99,0.95,33.07,0
36.15,-8.74,4.59,3.59,-0.42,-3.19,1.74,33.06,0
36.20,-8.45,6.32,3.77,-0.52,-2.40,2.41,33.05,0
36.25,-9.13,5.16,6.64,-0.11,-1.94,1.80,33.05,0
36.30,-8.05,5.53,4.12,0.42,-1.57,1.17,33.06,0
36.35,-9.69,3.70,4.59,0.47,-1.31,1.24,33.04,0
36.40,-8.82,5.08,2.92,0.27,-0.45,0.45,33.04,0
36.45,-4.96,3.86,1.81,-0.06,0.46,0.32,33.05,0
36.50,-4.98,4.74,2.60,0.06,0.73,-0.06,33.06,0
36.55,-6.12,4.08,1.81,-0.63,2.00,-2.53,33.06,0
36.60,-22.46,7.76,11.76,2.31,-1.42,-0.81,33.05,0
36.65,-4.92,6.03,5.35,-0.17,0.06,0.01,33.04,0
36.70,-5.54,2.53,6.57,0.13,-0.13,0.04,33.06,0
36.75,-5.05,4.98,5.88,-0.00,-0.13,-0.00,33.04,0
36.80,-5.14,4.21,6.19,0.03,-0.10,-0.01,33.05,0
36.85,-5.13,3.89,6.30,-0.08,-0.14,-0.14,33.06,0
36.90,-5.01,3.95,6.43,-0.14,-0.13,-0.19,33.03,0
36.95,-5.09,3.23,6.59,0.06,0.03,-0.06,33.04,0
37.00,-5.14,4.45,6.42,0.28,0.30,-0.08,33.05,0
37.05,-5.42,3.40,6.49,0.41,0.76,-0.43,33.04,0
37.10,-6.00,3.96,5.73,0.34,1.64,-0.46,33.06,0
37.15,-7.26,3.16,4.41,0.57,1.96,-0.61,33.04,0
37.20,-7.73,3.01,3.21,0.88,2.13,-0.73,33.03,0
37.25,-8.65,3.06,0.53,0.61,2.03,-0.80,33.07,0
37.30,-9.29,2.67,-0.61,0.34,1.14,-0.93,33.05,0
37.35,-9.38,1.47,-0.13,0.37,0.47,-0.45,33.05,0
37.40,-9.44,2.07,-1.04,0.43,0.29,-0.29,33.06,0
37.45,-9.23,1.84,0.03,0.81,0.96,-0.70,33.04,0
37.50,-9.20,1.23,-1.33,0.10,2.70,-1.05,33.05,0
37.55,-15.68,5.09,-5.26,0.06,3.15,-0.12,33.04,0
37.60,-17.96,7.90,11.21,1.26,-1.89,1.05,33.06,0
37.65,-5.68,6.76,2.72,0.36,-4.37,0.44,33.04,0
37.70,-6.07,5.66,3.98,-0.37,-3.70,1.70,33.04,0
37.75,-9.29,4.22,4.27,-0.35,-3.33,2.20,33.04,0
37.80,-8.72,7.98,1.59,-0.49,-2.53,2.01,33.02,0
37.85,-11.20,3.88,5.40,0.01,-1.28,2.52,33.03,0
37.90,-7.62,4.90,4.52,0.09,-1.25,1.60,33.05,0
37.95,-8.30,5.02,4.60,-0.06,-0.79,1.28,33.03,0
38.00,-6.95,5.28,3.66,0.01,-0.36,0.90,33.04,0
38.05,-4.75,3.83,3.66,0.31,-0.36,0.45,33.03,0
38.10,-6.47,3.36,4.60,0.66,-0.61,-0.99,33.02,0
38.15,-0.19,4.56,-0.45,0.26,1.17,-0.69,33.02,0
38.20,-4.84,7.51,7.81,0.30,1.92,-0.35,33.03,0
38.25,-4.65,11.74,5.58,0.81,0.31,-0.75,33.03,0
38.30,-4.48,6.91,4.45,-0.59,0.01,-0.55,33.03,0
38.35,-5.36,6.26,4.98,-0.10,-0.01,-0.30,33.01,0
38.40,-4.73,5.30,5.49,-0.21,-0.20,-0.35,33.03,0
38.45,-4.83,5.46,5.66,-0.71,-0.33,-0.72,33.03,0
38.50,-4.74,3.22,6.73,-0.76,-0.36,-0.63,33.02,0
38.55,-5.12,3.55,6.54,0.05,0.13,-0.05,33.04,0
38.60,-5.35,3.88,6.29,0.41,0.59,-0.19,33.02,0
38.65,-5.74,3.94,5.78,0.33,1.18,-0.33,33.04,0
38.70,-6.24,4.38,4.85,0.55,1.43,-0.43,33.04,0
38.75,-7.26,4.00,4.10,0.60,2.03,-0.68,33.03,0
38.80,-8.18,3.96,2.25,0.43,1.97,-1.18,33.05,0
38.85,-8.83,1.95,1.08,0.44,1.89,-1.30,33.04,0
38.90,-9.54,2.57,-0.41,0.17,1.60,-0.78,33.04,0
38.95,-9.34,1.40,-1.99,0.28,0.91,-0.51,33.02,0
39.00,-8.96,1.19,0.26,0.71,0.65,-0.61,33.03,0
39.05,-10.07,1.28,-1.72,-0.15,3.32,-0.88,33.04,0
39.10,-12.96,3.63,-4.48,-1.05,2.86,-1.34,33.01,0
39.15,-16.50,10.14,8.31,2.16,-2.07,2.12,33.02,0
39.20,-7.51,4.31,5.33,-0.30,-2.61,2.60,33.04,9
39.25,-6.63,3.10,5.59,-0.12,-4.37,1.03,33.03,0
39.30,-9.54,7.36,2.68,-0.79,-4.37,0.93,33.04,0
39.35,-10.72,8.89,1.04,-1.09,-2.87,2.45,33.03,0
39.40,-8.82,5.95,4.36,-1.04,-1.16,3.21,33.03,0
39.45,-10.78,3.03,6.26,-0.45,-1.00,1.53,33.03,0
39.50,-9.59,6.92,4.09,0.45,-0.86,0.39,33.02,0
39.55,-5.91,3.69,1.52,0.14,-0.74,0.25,33.03,0
39.60,-5.63,5.04,3.56,0.17,-0.47,-0.14,33.02,0
39.65,-6.12,4.86,1.12,0.03,0.28,-0.75,33.03,0
39.70,-13.35,1.58,4.61,-0.49,2.33,-2.97,33.04,0
39.75,-7.01,5.64,5.37,-1.31,0.39,-0.84,33.06,0
39.80,-5.75,5.18,5.77,0.41,-0.14,0.24,33.04,0
39.85,-5.08,5.29,5.74,-0.11,-0.15,-0.16,33.04,0
39.90,-5.09,3.95,6.23,-0.11,-0.13,-0.20,33.02,0
39.95,-4.84,3.99,6.33,0.15,-0.05,-0.00,33.04,0
40.00,-4.90,4.44,6.10,0.48,0.14,0.15,33.03,0
40.05,-5.07,4.73,5.90,0.24,0.13,-0.06,33.04,0
40.10,-5.06,4.87,5.93,0.14,0.19,-0.19,33.03,0
40.15,-5.42,4.66,5.95,-0.04,0.29,-0.62,33.04,2
40.20,-5.64,3.29,6.18,0.03,0.79,-0.25,33.04,4
40.25,-6.29,4.25,4.91,0.30,1.35,-0.19,33.02,2
40.30,-6.83,4.15,4.27,0.14,1.35,-0.58,33.03,0
40.35,-7.70,3.51,3.45,0.41,1.74,-0.63,33.02,0
40.40,-8.33,3.44,2.03,0.54,1.81,-0.65,33.02,0
40.45,-8.85,2.85,0.47,0.58,1.42,-0.77,33.02,0
40.50,-9.22,2.49,-0.14,0.40,0.78,-0.59,33.02,0
40.55,-9.13,2.08,-0.37,0.45,0.65,-0.46,33.03,0
40.60,-9.25,2.51,0.23,0.17,1.78,-1.15,33.03,0
40.65,-10.39,-1.25,-3.59,1.21,3.61,-1.22,33.02,0
40.70,-17.04,5.28,-0.38,0.24,1.94,0.53,33.02,0
40.75,-7.55,2.33,5.23,0.48,-3.13,0.15,33.01,0
40.80,-3.37,4.46,3.05,-0.51,-2.79,0.70,33.02,0
40.85,-9.18,4.25,3.71,-0.43,-3.73,1.54,33.00,0
40.90,-8.68,8.11,2.17,-0.62,-3.52,1.60,33.02,0
40.95,-9.35,5.77,4.95,-0.60,-1.78,3.02,33.02,0
41.00,-8.41,5.18,5.88,-0.09,-2.28,1.42,33.01,0
41.05,-10.06,7.26,5.73,0.49,-1.67,1.33,33.02,0
41.10,-7.84,2.94,2.21,0.45,-1.11,0.72,32.99,0
41.15,-5.66,5.17,1.04,-0.03,-0.29,0.65,33.01,0
41.20,-7.06,7.03,5.75,0.00,0.76,0.54,33.01,0
41.25,-3.95,4.23,1.81,-0.84,1.20,-1.13,33.01,0
41.30,-15.53,-2.65,8.39,-0.72,1.42,-2.15,32.99,0
41.35,-2.89,11.20,1.41,0.93,1.35,-1.36,33.01,0
41.40,-7.14,2.57,6.63,0.14,-0.00,0.05,33.00,0
41.45,-4.88,4.63,5.86,0.34,-0.08,0.07,32.99,0
41.50,-5.26,5.03,5.80,-0.01,-0.13,-0.11,33.04,0
41.55,-5.47,3.83,6.20,-0.45,-0.29,-0.42,33.02,0
41.60,-4.95,3.65,6.47,0.08,-0.04,-0.09,32.99,0
41.65,-4.83,3.69,6.53,0.16,0.03,-0.11,33.02,0
41.70,-5.09,3.94,6.37,0.23,0.10,-0.03,33.00,0
41.75,-5.18,4.48,6.20,0.23,0.31,-0.17,33.00,0
41.80,-5.39,4.44,6.23,0.09,0.71,-0.30,33.01,0
41.85,-6.06,3.80,5.64,0.21,1.49,-0.25,32.99,0
41.90,-6.81,4.36,4.37,0.48,1.82,-0.45,33.01,0
41.95,-7.61,3.51,3.19,0.57,1.79,-0.70,33.00,0
42.00,-8.26,3.09,1.97,0.52,1.55,-0.64,32.99,0
42.05,-9.06,3.19,0.62,0.04,0.98,-0.73,33.00,0
42.10,-8.82,1.95,0.71,0.19,0.24,-0.46,33.01,0
42.15,-9.30,2.39,0.57,0.16,0.46,-0.15,33.02,0
42.20,-9.15,2.16,0.21,0.53,0.72,-0.52,33.00,0
42.25,-9.11,1.62,-0.20,0.47,1.28,-0.71,33.01,0
42.30,-9.62,1.87,-0.71,0.17,2.48,-1.16,32.99,0
42.35,-10.27,-0.61,-5.15,0.09,3.45,-2.31,33.03,0
42.40,-9.75,-0.21,-7.17,0.24,1.66,-1.23,33.02,0
42.45,-19.47,1.65,7.97,2.71,-3.26,1.05,33.01,0
42.50,-6.97,3.08,3.19,0.24,-2.57,1.03,33.01,0
42.55,-6.18,0.13,5.16,0.28,-3.48,1.90,32.99,7
42.60,-8.08,2.52,4.20,-0.02,-3.82,1.89,33.00,0
42.65,-11.05,4.82,0.79,-0.56,-2.84,2.96,33.00,0
42.70,-12.45,1.65,2.96,-0.31,-1.27,2.59,33.00,0
42.75,-9.55,6.39,0.76,-0.83,-1.34,0.58,33.01,0
42.80,-10.96,4.38,4.09,-0.81,-0.18,1.37,33.00,0
42.85,-6.50,1.79,-0.42,0.17,0.37,0.21,33.01,0
42.90,-7.21,4.32,0.08,0.11,2.37,-0.02,33.01,0
42.95,-4.30,5.16,6.81,-0.46,-0.94,-0.31,32.98,0
43.00,-4.98,2.45,6.86,-0.23,-0.21,-0.22,33.00,0
43.05,-5.22,4.12,6.19,0.36,-0.03,0.15,32.99,0
43.10,-5.25,4.09,6.19,-0.04,-0.05,-0.07,32.99,0
43.15,-5.13,3.45,6.44,0.03,0.00,-0.03,33.01,0
43.20,-5.02,3.79,6.41,0.11,-0.03,-0.00,33.00,0
43.25,-5.11,3.88,6.36,0.13,0.06,-0.06,33.01,0
43.30,-5.23,3.76,6.28,0.13,0.04,-0.07,32.99,0
43.35,-5.20,3.71,6.34,0.12,-0.01,-0.11,33.00,0
43.40,-5.24,3.62,6.30,0.25,-0.03,-0.07,33.00,0
43.45,-5.16,3.64,6.36,0.07,-0.02,-0.03,33.00,0
43.50,-5.11,3.70,6.37,0.17,-0.06,-0.00,32.98,0
43.55,-5.14,3.82,6.32,0.13,-0.02,-0.02,32.99,0
43.60,-5.14,3.73,6.29,0.17,-0.02,-0.01,33.01,0
43.65,-5.13,3.93,6.29,0.15,-0.01,-0.01,33.02,0
43.70,-5.17,3.81,6.26,0.14,-0.05,-0.01,32.99,0
43.75,-5.13,3.92,6.26,0.09,-0.08,-0.02,32.99,0
43.80,-5.05,3.84,6.35,0.12,-0.06,-0.02,32.99,0
43.85,-5.01,3.89,6.33,0.08,-0.03,-0.01,32.99,0
43.90,-5.08,3.98,6.27,0.12,0.02,0.03,33.01,0
43.95,-5.09,4.05,6.24,0.11,0.04,0.00,33.01,0
44.00,-5.07,4.05,6.29,0.08,-0.00,0.01,33.00,0
44.05,-5.17,3.78,6.29,0.10,0.01,-0.02,33.02,0
44.10,-5.06,4.00,6.26,0.20,-0.01,0.04,33.00,0
44.15,-5.13,4.19,6.18,0.12,0.05,0.01,33.01,0
44.20,-5.08,4.07,6.24,0.07,0.05,-0.03,33.02,0
44.25,-5.20,3.93,6.21,0.24,-0.01,0.04,33.02,0
44.30,-5.17,4.19,6.16,0.13,-0.02,-0.00,33.01,0
44.35,-5.20,4.28,6.04,0.06,0.01,-0.03,33.03,0
44.40,-4.98,4.07,6.21,0.02,0.04,-0.05,33.02,0
44.45,-5.11,3.98,6.23,0.15,-0.06,0.01,33.02,0
44.50,-5.09,4.17,6.08,0.12,0.01,0.00,33.02,0
44.55,-5.18,4.10,6.16,-0.03,-0.01,-0.04,32.99,0
44.60,-5.20,3.98,6.19,0.08,-0.01,-0.01,33.01,0
44.65,-5.13,4.10,6.20,0.07,-0.04,-0.01,33.01,0
44.70,-5.09,3.97,6.21,0.08,-0.04,-0.02,33.00,0
44.75,-5.10,4.00,6.21,0.15,0.06,0.03,33.00,0
44.80,-5.16,4.19,6.08,0.17,0.02,0.02,33.01,0
44.85,-5.11,4.19,6.11,0.12,-0.05,0.02,33.05,0
44.90,-5.12,4.25,6.11,0.05,-0.04,-0.03,33.02,0
44.95,-5.13,4.09,6.15,0.09,-0.01,-0.02,33.03,0
45.00,-5.10,4.19,6.08,0.09,0.01,-0.02,33.03,0
45.05,-5.16,4.07,6.13,0.11,0.02,-0.02,33.02,0
45.10,-5.13,4.29,6.04,0.12,-0.02,-0.01,33.02,0
45.15,-5.12,4.22,6.07,0.09,-0.02,-0.02,33.02,0
45.20,-5.12,4.25,6.05,0.01,-0.06,-0.06,33.02,0
45.25,-5.15,4.08,6.16,0.06,-0.04,-0.03,33.01,0
45.30,-5.11,4.07,6.16,0.11,0.02,-0.01,33.04,0
45.35,-5.21,4.01,6.19,0.09,-0.02,-0.03,33.03,0
45.40,-5.13,3.95,6.17,0.09,-0.02,-0.01,33.02,0
45.45,-5.25,4.03,6.19,0.11,-0.03,-0.02,33.02,0
45.50,-5.09,4.17,6.10,0.19,-0.00,0.03,33.03,0
45.55,-5.08,4.27,6.05,0.07,-0.01,-0.02,33.02,0
45.60,-5.15,4.13,6.12,0.07,-0.02,-0.03,33.04,0
45.65,-5.12,4.19,6.12,0.12,-0.02,-0.00,33.07,0
45.70,-5.08,4.17,6.07,0.10,-0.03,-0.02,33.04,0
45.75,-5.12,4.23,6.13,0.22,-0.00,0.03,33.04,0
45.80,-5.01,4.34,6.08,0.25,-0.01,0.04,33.03,0
45.85,-5.10,4.95,5.74,0.37,0.11,0.09,33.04,0
45.90,-5.11,4.99,5.71,0.17,0.22,-0.15,33.03,0
45.95,-5.32,4.31,5.68,0.18,0.20,-0.23,33.04,0
46.00,-5.76,4.35,5.49,0.34,0.49,-0.07,33.05,0
46.05,-5.77,4.85,5.13,0.34,0.49,-0.13,33.04,0
46.10,-6.25,4.59,4.82,0.36,0.43,-0.12,33.04,0
46.15,-6.45,4.75,4.44,0.30,0.34,-0.02,33.04,0
46.20,-6.32,5.12,4.08,0.26,0.26,-0.16,33.06,0
46.25,-6.72,4.73,4.12,0.26,0.16,-0.05,33.05,0
46.30,-6.53,4.80,4.03,0.02,0.17,-0.12,33.05,0
46.35,-6.73,5.06,3.73,-0.00,0.27,-0.07,33.04,0
46.40,-6.88,4.75,3.53,0.07,0.26,-0.27,33.04,0
46.45,-7.03,4.27,3.56,0.04,0.14,-0.17,33.04,0
46.50,-7.04,4.45,3.52,0.06,0.03,-0.09,33.04,0
46.55,-7.15,4.22,3.50,0.05,0.13,-0.01,33.04,0
46.60,-7.34,4.43,3.23,0.15,0.22,0.03,33.06,0
46.65,-7.45,4.51,3.17,0.25,0.22,0.01,33.05,0
46.70,-7.37,4.77,2.86,0.23,0.30,0.01,33.05,0
46.75,-7.42,4.79,2.68,0.27,0.22,-0.02,33.00,0
46.80,-7.52,4.84,2.49,0.17,0.29,-0.12,33.05,0
46.85,-7.72,4.55,2.25,0.20,0.32,-0.11,33.04,0
46.90,-7.81,4.62,1.91,0.12,0.18,0.03,33.07,0
46.95,-7.91,4.54,2.00,0.12,0.07,-0.07,33.06,0
47.00,-7.92,4.62,2.03,0.12,0.04,0.02,33.07,0
47.05,-7.82,4.71,1.83,0.12,0.03,-0.02,33.05,0
47.10,-7.83,4.81,1.81,0.09,0.05,-0.05,33.07,0
47.15,-7.92,4.57,1.86,0.11,0.05,-0.09,33.06,0
47.20,-7.87,4.67,1.79,0.05,-0.00,-0.13,33.06,0
47.25,-8.04,4.36,1.77,0.04,0.03,-0.05,33.06,0
47.30,-8.16,4.60,1.90,0.11,0.00,-0.09,33.06,0
47.35,-8.00,4.38,1.83,0.01,0.09,-0.07,33.06,0
47.40,-8.10,4.43,1.52,0.08,0.22,-0.16,33.07,0
47.45,-8.23,4.18,1.47,0.11,0.16,-0.20,33.06,0
47.50,-8.36,4.17,1.34,0.21,0.01,-0.10,33.06,0
47.55,-8.27,4.18,1.25,0.12,-0.07,-0.01,33.08,0
47.60,-8.21,4.28,1.47,0.10,-0.11,-0.03,33.07,0
47.65,-8.25,4.22,1.51,0.12,-0.01,-0.04,33.06,0
47.70,-8.26,4.08,1.33,0.10,0.09,-0.05,33.08,0
47.75,-8.37,3.95,1.38,0.08,0.08,-0.10,33.06,0
47.80,-8.30,4.10,1.23,0.04,0.11,-0.10,33.06,0
47.85,-8.42,3.93,1.15,-0.03,0.09,-0.22,33.07,0
47.90,-8.62,3.81,1.20,0.02,0.26,-0.35,33.06,0
47.95,-8.68,3.62,0.86,0.07,0.23,-0.25,33.07,0
48.00,-8.68,3.71,0.83,0.01,0.03,-0.14,33.08,0
48.05,-8.81,3.20,0.98,0.04,0.04,-0.13,33.08,0
48.10,-8.88,3.19,0.68,-0.01,0.14,-0.15,33.07,0
48.15,-8.82,3.22,0.71,-0.03,0.15,-0.22,33.07,0
48.20,-8.91,2.84,0.57,-0.12,0.07,-0.25,33.07,0
48.25,-9.05,2.74,0.63,0.05,0.07,-0.13,33.07,0
48.30,-9.05,2.83,0.38,-0.06,0.13,-0.16,33.07,0
48.35,-9.07,2.50,0.67,0.03,0.04,-0.05,33.07,0
48.40,-9.11,2.50,0.49,-0.09,0.04,-0.02,33.10,0
48.45,-9.08,2.56,0.32,0.09,0.11,-0.12,33.09,0
48.50,-9.14,2.53,0.27,0.05,0.09,-0.08,33.07,0
48.55,-9.22,2.36,0.26,0.08,0.05,-0.02,33.07,0
48.60,-9.17,2.32,0.51,0.06,0.22,-0.04,33.08,0
48.65,-9.31,2.49,-0.12,0.18,0.14,-0.00,33.09,0
48.70,-9.21,2.31,-0.21,0.09,-0.11,0.02,33.09,0
48.75,-9.20,2.58,0.35,0.12,-0.08,0.01,33.08,0
48.80,-9.20,2.45,0.03,0.12,-0.12,0.06,33.08,0
48.85,-9.10,2.68,0.37,0.09,-0.21,0.10,33.09,0
48.90,-9.06,2.63,0.38,0.21,-0.17,0.14,33.08,0
48.95,-9.02,2.83,0.41,0.20,-0.02,-0.01,33.10,0
49.00,-9.06,2.84,0.34,0.12,0.01,0.01,33.08,0
49.05,-9.02,3.00,0.37,0.13,0.01,-0.05,33.09,0
49.10,-9.12,2.64,0.06,0.13,0.03,-0.03,33.08,0
49.15,-9.07,3.05,0.23,0.08,0.07,-0.04,33.08,0
49.20,-9.11,2.65,0.24,0.10,-0.01,-0.05,33.08,0
49.25,-9.05,2.71,0.21,0.10,0.00,0.05,33.06,0
49.30,-9.07,2.89,0.20,0.12,0.07,-0.05,33.09,0
49.35,-9.10,2.75,-0.12,0.16,-0.01,-0.04,33.09,0
49.40,-9.14,2.89,0.14,0.25,0.06,-0.16,33.11,0
49.45,-9.12,2.41,-0.19,0.03,-0.03,0.01,33.11,0
49.50,-9.14,2.72,0.44,0.05,-0.04,-0.09,33.10,0
49.55,-9.14,2.47,-0.17,0.04,0.00,-0.07,33.11,0
49.60,-9.17,2.67,0.13,0.09,-0.03,-0.03,33.11,0
49.65,-9.15,2.58,0.01,0.06,0.05,-0.04,33.09,0
49.70,-9.14,2.71,0.18,0.03,-0.02,-0.03,33.09,0
49.75,-9.16,2.54,-0.13,0.05,0.05,-0.05,33.10,0
49.80,-9.17,2.49,0.05,0.11,0.01,-0.07,33.10,0
49.85,-9.20,2.41,-0.11,0.06,0.01,-0.09,33.11,0
49.90,-9.21,2.36,-0.13,0.09,-0.01,-0.07,33.10,0
49.95,-9.20,2.42,-0.01,0.07,-0.01,0.01,33.11,0
50.00,-9.20,2.34,-0.09,0.10,-0.02,-0.02,33.10,0
50.05,-9.24,2.64,-0.02,0.03,-0.15,0.06,33.11,0
50.10,-9.08,2.85,0.41,0.15,-0.23,0.12,33.12,0
50.15,-9.13,2.55,-0.09,0.13,0.02,0.05,33.10,0
50.20,-9.16,2.75,0.11,0.11,-0.01,0.00,33.10,0
50.25,-9.10,2.83,0.31,0.11,-0.09,0.02,33.11,0
50.30,-9.07,2.70,0.16,0.12,0.00,-0.03,33.12,0
50.35,-9.16,2.72,0.20,0.10,-0.05,0.05,33.12,0
50.40,-9.09,2.83,0.21,0.12,-0.01,0.02,33.11,0
50.45,-9.07,2.83,0.26,0.10,-0.03,0.04,33.11,0
50.50,-9.04,2.87,0.19,0.08,-0.17,0.08,33.09,0
50.55,-9.01,2.69,0.27,0.13,-0.28,0.17,33.11,0
50.60,-8.88,3.16,0.87,0.12,-0.14,0.11,33.12,0
50.65,-8.92,3.17,0.51,0.20,-0.11,0.14,33.13,0
50.70,-8.91,3.12,0.71,0.15,-0.07,0.03,33.13,0
50.75,-8.87,3.23,0.70,0.12,-0.13,0.00,33.11,0
50.80,-8.69,3.63,0.70,0.05,-0.19,-0.04,33.11,0
50.85,-8.81,3.05,0.91,0.12,0.03,-0.03,33.14,0
50.90,-8.85,3.50,0.73,0.05,0.08,-0.08,33.12,0
50.95,-8.81,3.19,0.83,0.01,-0.08,-0.05,33.11,0
51.00,-8.89,3.06,0.45,-0.02,-0.08,0.06,33.14,0
51.05,-8.80,3.19,1.00,0.21,-0.26,0.09,33.13,0
51.10,-8.74,3.40,1.13,0.23,-0.18,0.13,33.13,0
51.15,-8.62,3.54,1.07,0.18,-0.16,0.04,33.12,0
51.20,-8.62,3.37,1.08,0.19,-0.24,0.09,33.13,0
51.25,-8.57,3.64,1.33,0.22,-0.20,0.07,33.14,0
51.30,-8.51,3.84,1.39,0.14,-0.19,0.06,33.12,0
51.35,-8.41,3.94,1.53,0.14,-0.11,0.01,33.16,0
51.40,-8.48,3.74,1.47,0.11,-0.27,0.09,33.12,0
51.45,-8.35,3.74,1.29,-0.01,-0.58,0.28,33.14,0
51.50,-9.12,8.03,1.18,-1.79,-1.74,0.31,33.13,5
51.55,-5.63,-2.77,9.05,-1.06,-1.45,1.35,33.13,5
51.60,-5.45,3.01,1.47,0.16,-2.68,-1.52,33.14,6
51.65,-8.97,3.18,14.70,-0.11,-1.45,0.25,33.13,0
51.70,-5.17,1.39,7.34,-0.00,0.01,-0.08,33.15,0
51.75,-5.20,4.27,6.25,0.28,-0.14,0.13,33.14,6
51.80,-5.34,3.68,6.34,-0.15,-0.22,-0.19,33.15,2
51.85,-5.33,3.01,6.48,-0.04,-0.08,-0.10,33.15,0
51.90,-5.32,3.30,6.46,0.09,-0.03,-0.03,33.16,0
51.95,-5.28,3.19,6.52,0.08,-0.03,-0.03,33.18,0
52.00,-5.28,3.19,6.51,0.08,-0.02,-0.04,33.14,0
52.05,-5.36,3.40,6.41,0.09,-0.01,-0.03,33.14,0
52.10,-5.30,3.24,6.51,0.08,-0.02,-0.02,33.17,0
52.15,-5.28,3.20,6.52,0.00,-0.06,-0.05,33.15,0
52.20,-5.32,2.96,6.54,0.03,-0.05,-0.04,33.17,0
52.25,-5.29,3.12,6.54,0.11,0.01,-0.01,33.17,0
52.30,-5.27,3.03,6.51,0.16,0.05,0.01,33.15,0
52.35,-5.37,3.38,6.46,0.12,-0.01,0.00,33.17,0
52.40,-5.21,3.06,6.49,0.09,-0.07,-0.01,33.16,0
52.45,-5.27,3.05,6.57,0.05,-0.04,-0.03,33.17,0
52.50,-5.26,3.07,6.54,0.14,0.01,-0.01,33.17,0
52.55,-5.25,2.98,6.56,0.09,-0.02,-0.00,33.16,0
52.60,-5.33,3.28,6.45,0.05,-0.01,-0.04,33.17,0
52.65,-5.32,3.09,6.55,0.00,-0.05,-0.06,33.15,0
52.70,-5.28,2.99,6.57,0.00,-0.03,-0.05,33.17,0
52.75,-5.29,2.89,6.66,0.01,0.02,-0.07,33.17,0
52.80,-5.33,2.94,6.61,0.06,-0.01,-0.04,33.17,0
52.85,-5.35,2.93,6.56,0.06,-0.01,-0.03,33.17,0
52.90,-5.32,2.85,6.65,0.06,-0.03,-0.04,33.16,0
52.95,-5.27,2.81,6.69,0.13,-0.03,0.00,33.18,0
53.00,-5.30,2.89,6.61,0.13,-0.02,-0.00,33.16,0
53.05,-5.34,2.98,6.61,0.13,0.02,-0.02,33.19,0
53.10,-5.29,2.99,6.58,0.10,-0.02,-0.02,33.20,0
53.15,-5.30,3.10,6.56,0.15,-0.01,0.03,33.19,0
53.20,-5.26,3.01,6.59,0.09,-0.05,-0.01,33.21,0
53.25,-5.35,3.01,6.56,0.12,-0.03,-0.01,33.20,0
53.30,-5.29,3.02,6.59,0.09,-0.06,-0.03,33.18,0
53.35,-5.30,3.02,6.59,0.11,-0.01,-0.01,33.20,0
53.40,-5.27,3.05,6.57,0.09,-0.01,-0.01,33.20,0
53.45,-5.27,2.97,6.58,0.10,0.01,-0.03,33.19,0
53.50,-5.28,3.08,6.59,0.12,-0.01,-0.01,33.20,0
53.55,-5.32,3.11,6.56,0.11,-0.01,-0.02,33.18,0
53.60,-5.32,3.08,6.56,0.11,-0.01,-0.02,33.20,0
53.65,-5.31,3.14,6.52,0.12,-0.00,-0.01,33.20,0
53.70,-5.32,3.17,6.55,0.11,-0.01,-0.02,33.19,0
53.75,-5.28,3.10,6.45,0.15,-0.00,0.02,33.21,0
53.80,-5.31,3.24,6.52,0.12,-0.02,0.00,33.23,0
53.85,-5.32,3.24,6.47,0.10,-0.04,-0.01,33.22,0
53.90,-5.31,3.26,6.50,0.11,-0.01,-0.00,33.22,0
53.95,-5.32,3.20,6.50,0.08,-0.02,-0.03,33.23,0
54.00,-5.26,3.16,6.51,0.08,-0.02,-0.01,33.22,0
54.05,-5.32,3.16,6.50,0.07,-0.05,-0.02,33.23,0
54.10,-5.28,3.10,6.54,0.06,-0.04,-0.03,33.20,0
54.15,-5.31,3.33,6.53,0.06,-0.05,-0.04,33.22,0
54.20,-5.25,3.12,6.58,0.04,-0.02,-0.04,33.22,0
54.25,-5.25,2.98,6.61,0.03,-0.03,-0.04,33.22,0
54.30,-5.26,3.05,6.60,0.08,-0.02,-0.02,33.22,0
54.35,-5.27,3.01,6.59,0.10,-0.02,-0.02,33.22,0
54.40,-5.26,3.06,6.59,0.09,-0.02,-0.02,33.23,0
54.45,-5.24,3.00,6.60,0.08,-0.02,-0.02,33.22,0
54.50,-5.24,3.07,6.56,0.08,-0.03,-0.03,33.24,0
54.55,-5.29,3.07,6.55,0.09,0.01,-0.02,33.25,0
54.60,-5.32,3.05,6.53,0.08,-0.03,-0.02,33.24,0
54.65,-5.29,3.04,6.56,0.08,-0.03,-0.03,33.23,0
54.70,-5.32,3.03,6.56,0.11,-0.01,-0.02,33.25,0
54.75,-5.30,3.23,6.51,0.18,0.04,0.03,33.25,0
54.80,-5.24,3.20,6.51,0.09,-0.03,-0.01,33.25,0
54.85,-5.30,3.17,6.53,0.09,-0.02,-0.02,33.24,0
54.90,-5.26,3.16,6.55,0.06,-0.03,-0.03,33.25,0
54.95,-5.29,3.00,6.56,0.09,-0.03,-0.02,33.26,0
55.00,-5.31,3.16,6.52,0.11,-0.01,-0.01,33.25,0
55.05,-5.27,3.12,6.54,0.13,-0.00,0.01,33.27,0
55.10,-5.25,3.18,6.53,0.09,-0.02,-0.02,33.25,0
55.15,-5.30,3.08,6.52,0.10,-0.01,-0.01,33.26,0
55.20,-5.28,3.20,6.54,0.09,-0.02,-0.02,33.27,0
55.25,-5.30,3.13,6.52,0.09,-0.02,-0.02,33.27,0
55.30,-5.27,3.13,6.56,0.09,-0.01,-0.02,33.27,0
55.35,-5.27,3.08,6.55,0.09,-0.01,-0.02,33.29,0
55.40,-5.29,3.05,6.51,0.23,0.00,0.09,33.28,0
55.45,-5.26,3.49,6.50,0.14,0.02,-0.00,33.28,0
55.50,-5.32,3.12,6.51,0.18,0.06,0.01,33.28,0
55.55,-5.42,3.44,6.38,0.12,0.03,-0.00,33.29,0
55.60,-5.41,3.37,6.34,0.06,-0.05,-0.03,33.28,0
55.65,-5.28,3.35,6.40,0.04,-0.05,-0.03,33.27,0
55.70,-5.30,3.34,6.42,0.04,-0.07,-0.04,33.28,0
55.75,-5.31,3.30,6.47,0.02,-0.07,-0.05,33.29,0
55.80,-5.26,3.07,6.55,0.05,-0.04,-0.04,33.27,0
55.85,-5.29,3.21,6.50,0.08,-0.02,-0.02,33.30,0
55.90,-5.28,3.21,6.51,0.07,-0.02,-0.03,33.30,0
55.95,-5.25,3.07,6.54,0.06,-0.02,-0.03,33.31,0
56.00,-5.29,3.08,6.55,0.08,-0.02,-0.02,33.31,0
56.05,-5.27,3.11,6.56,0.09,-0.02,-0.02,33.30,0
56.10,-5.28,3.22,6.50,0.10,-0.01,-0.02,33.29,0
56.15,-5.28,3.10,6.52,0.09,-0.02,-0.02,33.31,0
56.20,-5.26,3.15,6.55,0.11,-0.01,-0.02,33.30,0
56.25,-5.25,2.90,6.59,0.10,-0.03,-0.02,33.29,0
56.30,-5.29,3.36,6.48,0.06,-0.06,-0.04,33.29,0
56.35,-5.23,3.03,6.56,0.03,-0.02,-0.05,33.34,0
56.40,-5.29,3.21,6.55,0.03,-0.03,-0.07,33.31,0
56.45,-5.25,3.06,6.59,0.07,-0.02,-0.03,33.30,0
56.50,-5.24,2.96,6.61,0.07,-0.00,-0.03,33.30,0
56.55,-5.27,3.07,6.59,0.07,-0.02,-0.03,33.33,0
56.60,-5.29,3.01,6.54,0.08,-0.02,-0.02,33.32,0
56.65,-5.27,2.88,6.64,0.09,-0.02,-0.02,33.33,0
56.70,-5.27,3.00,6.62,0.11,-0.03,-0.02,33.34,0
56.75,-5.26,3.00,6.59,0.12,-0.02,-0.01,33.32,0
56.80,-5.22,3.04,6.56,0.10,-0.02,-0.01,33.33,0
56.85,-5.32,3.12,6.52,0.09,-0.02,-0.02,33.32,0
56.90,-5.24,3.01,6.60,0.06,-0.03,-0.04,33.35,0
56.95,-5.25,3.01,6.60,0.05,-0.03,-0.04,33.35,0
57.00,-5.25,2.87,6.67,0.05,-0.05,-0.03,33.34,0
57.05,-5.21,2.88,6.68,0.09,-0.01,-0.01,33.36,0
57.10,-5.24,2.91,6.64,0.10,-0.00,-0.01,33.34,0
57.15,-5.24,2.93,6.65,0.08,-0.02,-0.02,33.36,0
57.20,-5.24,2.95,6.69,0.08,-0.02,-0.02,33.34,0
57.25,-5.23,2.94,6.62,0.08,-0.02,-0.02,33.35,0
57.30,-5.26,2.92,6.65,0.09,-0.02,-0.03,33.35,0
57.35,-5.27,2.89,6.63,0.08,-0.02,-0.03,33.34,0
57.40,-5.25,2.90,6.68,0.08,-0.02,-0.02,33.34,0
57.45,-5.27,2.91,6.64,0.08,-0.02,-0.02,33.36,0
57.50,-5.24,2.86,6.66,0.09,-0.01,-0.02,33.37,0
57.55,-5.24,2.93,6.68,0.11,-0.01,-0.01,33.37,0
57.60,-5.27,2.95,6.61,0.14,0.01,-0.00,33.37,0
57.65,-5.27,3.04,6.59,0.10,-0.02,-0.02,33.36,0
57.70,-5.25,2.95,6.60,0.09,-0.02,-0.02,33.38,0
57.75,-5.24,2.94,6.65,0.10,-0.01,-0.02,33.35,0
57.80,-5.28,2.98,6.62,0.10,-0.00,-0.02,33.39,0
57.85,-5.28,2.94,6.61,0.09,-0.01,-0.03,33.38,0
57.90,-5.34,2.92,6.59,0.11,-0.01,-0.01,33.37,0
57.95,-5.26,3.04,6.64,0.10,-0.01,-0.01,33.37,0
58.00,-5.26,2.91,6.61,0.10,0.02,0.01,33.39,0
58.05,-5.33,3.03,6.57,0.09,0.01,-0.01,33.40,0
58.10,-5.32,3.05,6.59,0.10,-0.04,-0.02,33.38,0
58.15,-5.27,3.04,6.59,0.10,-0.04,-0.01,33.39,0
58.20,-5.25,2.95,6.62,0.08,-0.03,-0.02,33.38,0
58.25,-5.28,2.98,6.59,0.08,-0.02,-0.02,33.38,0
58.30,-5.30,2.96,6.59,0.09,-0.01,-0.02,33.38,0
58.35,-5.30,3.06,6.55,0.11,-0.02,-0.01,33.39,0
58.40,-5.37,2.95,6.56,0.12,-0.03,-0.02,33.40,0
58.45,-5.35,3.15,6.52,0.09,-0.01,-0.02,33.40,0
58.50,-5.27,3.02,6.59,0.09,-0.02,-0.02,33.40,0
58.55,-5.26,2.97,6.59,0.08,-0.03,-0.03,33.41,0
58.60,-5.28,3.00,6.55,0.07,-0.03,-0.03,33.38,0
58.65,-5.30,3.08,6.58,0.08,-0.02,-0.03,33.38,0
58.70,-5.25,3.02,6.62,0.11,-0.00,-0.01,33.41,0
58.75,-5.26,2.99,6.56,0.12,-0.00,-0.01,33.39,0
58.80,-5.26,3.06,6.60,0.12,-0.01,-0.01,33.41,0
58.85,-5.30,3.16,6.54,0.10,-0.02,-0.01,33.42,0
58.90,-5.28,3.11,6.53,0.07,-0.04,-0.03,33.40,0
58.95,-5.26,2.98,6.55,0.05,-0.05,-0.03,33.42,0
59.00,-5.24,2.98,6.62,0.08,-0.02,-0.02,33.42,0
59.05,-5.29,3.04,6.58,0.10,-0.00,-0.03,33.42,0
59.10,-5.27,3.07,6.59,0.08,-0.03,-0.03,33.42,0
59.15,-5.26,2.99,6.58,0.09,-0.01,-0.02,33.43,0
59.20,-5.26,3.02,6.59,0.11,0.00,-0.01,33.42,0
59.25,-5.29,3.12,6.56,0.11,-0.00,-0.01,33.43,0
59.30,-5.25,3.11,6.55,0.10,-0.02,-0.01,33.44,0
59.35,-5.30,3.16,6.54,0.11,-0.00,-0.01,33.42,0
59.40,-5.26,3.16,6.56,0.09,-0.01,-0.03,33.44,0
59.45,-5.27,3.02,6.55,0.06,-0.04,-0.03,33.44,0
59.50,-5.31,3.04,6.58,0.07,-0.04,-0.03,33.43,0
59.55,-5.24,2.91,6.66,0.08,-0.02,-0.03,33.44,0
59.60,-5.28,3.00,6.59,0.08,-0.01,-0.02,33.45,0
59.65,-5.26,2.98,6.63,0.07,-0.02,-0.03,33.43,0
59.70,-5.29,2.97,6.61,0.08,-0.02,-0.03,33.44,0
59.75,-5.26,2.96,6.59,0.08,-0.02,-0.02,33.43,0
59.80,-5.28,2.92,6.60,0.09,-0.01,-0.03,33.44,0
59.85,-5.28,2.96,6.61,0.10,-0.02,-0.01,33.45,0
59.90,-5.27,2.99,6.61,0.09,-0.01,-0.02,33.45,0
59.95,-5.25,2.99,6.59,0.09,-0.03,-0.02,33.47,0
60.00,-5.30,3.01,6.58,0.09,-0.03,-0.02,33.45,0
60.05,-5.26,2.98,6.58,0.08,-0.02,-0.02,33.46,0
60.10,-5.26,2.97,6.67,0.08,-0.01,-0.02,33.45,0
60.15,-5.29,3.01,6.57,0.09,-0.02,-0.01,33.47,0
60.20,-5.28,2.98,6.60,0.10,-0.01,-0.02,33.43,0
60.25,-5.31,3.01,6.62,0.09,-0.01,-0.02,33.44,0
60.30,-5.31,3.01,6.56,0.09,-0.01,-0.03,33.47,0
60.35,-5.30,2.99,6.60,0.08,-0.02,-0.03,33.47,0
60.40,-5.29,3.03,6.60,0.09,-0.02,-0.02,33.47,0
60.45,-5.29,2.94,6.65,0.09,-0.02,-0.03,33.47,0
60.50,-5.23,2.96,6.63,0.10,-0.01,-0.01,33.47,0
60.55,-5.32,3.06,6.57,0.10,-0.02,-0.02,33.47,0
60.60,-5.31,2.96,6.61,0.09,-0.02,-0.02,33.47,0
60.65,-5.28,3.06,6.56,0.10,-0.01,-0.01,33.47,0
60.70,-5.28,3.03,6.56,0.09,-0.02,-0.02,33.48,0
60.75,-5.26,3.03,6.60,0.10,-0.01,-0.01,33.48,0
60.80,-5.28,3.08,6.56,0.09,-0.02,-0.02,33.49,0
60.85,-5.29,3.03,6.62,0.08,-0.02,-0.03,33.47,0
60.90,-5.26,2.94,6.60,0.09,-0.02,-0.02,33.49,0
60.95,-5.26,2.94,6.61,0.09,-0.02,-0.01,33.47,0
61.00,-5.27,2.95,6.63,0.09,-0.02,-0.03,33.49,0
61.05,-5.27,2.95,6.62,0.07,-0.03,-0.03,33.51,0
61.10,-5.27,2.84,6.63,0.07,-0.02,-0.03,33.51,0
61.15,-5.31,2.93,6.63,0.11,-0.00,-0.01,33.49,0
61.20,-5.33,3.02,6.59,0.12,0.00,-0.00,33.50,0
61.25,-5.31,2.96,6.60,0.10,-0.01,-0.02,33.49,0
61.30,-5.31,2.90,6.61,0.09,-0.01,-0.02,33.51,0
61.35,-5.26,2.86,6.59,0.09,-0.02,-0.02,33.50,0
61.40,-5.30,3.02,6.57,0.10,-0.01,-0.01,33.52,0
61.45,-5.27,3.00,6.62,0.09,-0.02,-0.01,33.53,0
61.50,-5.28,2.99,6.60,0.09,-0.02,-0.01,33.51,0
61.55,-5.27,2.96,6.63,0.08,-0.03,-0.02,33.53,0
61.60,-5.29,2.97,6.61,0.09,-0.02,-0.01,33.52,0
61.65,-5.30,2.98,6.61,0.09,-0.02,-0.02,33.53,0
61.70,-5.25,2.95,6.63,0.07,-0.03,-0.02,33.52,0
61.75,-5.26,2.90,6.61,0.10,-0.01,-0.01,33.52,0
61.80,-5.26,2.99,6.62,0.11,-0.02,-0.01,33.53,0
61.85,-5.25,2.95,6.60,0.11,-0.01,-0.00,33.52,0
