0.00,-3.26,-4.92,6.73,0.11,-0.02,-0.03,33.25,24
0.05,-3.22,-5.03,6.69,0.08,-0.04,-0.02,33.29,14
0.10,-3.23,-5.03,6.69,0.10,-0.02,-0.03,33.29,19
0.15,-3.27,-4.98,6.75,0.09,-0.03,-0.02,33.29,10
0.20,-3.25,-5.08,6.73,0.10,-0.03,-0.03,33.32,8
0.25,-3.22,-5.04,6.70,0.10,-0.02,-0.02,33.34,10
0.30,-3.24,-5.03,6.73,0.11,-0.02,-0.03,33.37,13
0.35,-3.21,-4.98,6.76,0.09,-0.03,-0.02,33.36,3
0.40,-3.22,-5.06,6.75,0.09,-0.03,-0.02,33.36,10
0.45,-3.21,-5.04,6.72,0.10,-0.02,-0.02,33.37,10
0.50,-3.19,-4.99,6.74,0.10,-0.02,-0.02,33.39,5
0.55,-3.21,-5.06,6.74,0.10,-0.02,-0.02,33.38,11
0.60,-3.22,-5.04,6.72,0.10,-0.02,-0.02,33.39,8
0.65,-3.19,-5.01,6.74,0.09,-0.01,-0.02,33.39,17
0.70,-3.19,-5.07,6.74,0.10,-0.02,-0.02,33.41,10
0.75,-3.24,-4.99,6.76,0.10,-0.02,-0.02,33.42,4
0.80,-3.18,-5.03,6.71,0.10,-0.02,-0.02,33.40,9
0.85,-3.25,-5.01,6.74,0.09,-0.01,-0.02,33.41,13
0.90,-3.22,-5.06,6.70,0.09,-0.02,-0.02,33.39,13
0.95,-3.16,-5.04,6.76,0.10,-0.02,-0.02,33.40,6
1.00,-3.19,-5.02,6.73,0.10,-0.01,-0.02,33.42,11
1.05,-3.22,-5.02,6.73,0.10,-0.01,-0.02,33.43,13
1.10,-3.24,-5.06,6.75,0.10,-0.02,-0.02,33.45,21
1.15,-3.18,-4.96,6.77,0.10,-0.02,-0.02,33.45,9
1.20,-3.23,-5.03,6.74,0.09,-0.02,-0.02,33.46,22
1.25,-3.21,-5.08,6.70,0.09,-0.02,-0.02,33.47,1
1.30,-3.21,-5.00,6.72,0.11,-0.02,-0.03,33.45,17
1.35,-3.18,-4.99,6.73,0.10,-0.01,-0.02,33.47,2
1.40,-3.23,-4.98,6.73,0.08,-0.01,-0.02,33.47,13
1.45,-3.21,-5.04,6.74,0.10,-0.02,-0.02,33.47,20
1.50,-3.17,-5.07,6.71,0.11,-0.02,-0.02,33.48,11
1.55,-3.21,-4.97,6.72,0.11,-0.02,-0.03,33.47,6
1.60,-3.18,-5.00,6.74,0.09,-0.02,-0.02,33.50,18
1.65,-3.21,-5.02,6.74,0.09,-0.01,-0.02,33.49,13
1.70,-3.20,-5.03,6.72,0.10,-0.02,-0.02,33.52,15
1.75,-3.20,-5.02,6.79,0.10,-0.02,-0.02,33.50,14
1.80,-3.20,-5.01,6.76,0.09,-0.02,-0.02,33.49,14
1.85,-3.22,-5.04,6.71,0.09,-0.02,-0.02,33.52,16
1.90,-3.19,-5.03,6.70,0.10,-0.01,-0.02,33.51,12
1.95,-3.20,-4.99,6.76,0.10,-0.01,-0.02,33.52,13
2.00,-3.20,-4.97,6.74,0.08,-0.03,-0.02,33.53,14
2.05,-3.25,-5.10,6.71,0.09,-0.04,-0.02,33.54,6
2.10,-3.15,-5.03,6.73,0.11,-0.03,-0.03,33.52,7
2.15,-3.11,-5.00,6.74,0.11,-0.02,-0.03,33.53,17
2.20,-3.14,-4.93,6.76,0.09,-0.01,-0.02,33.54,16
2.25,-3.23,-4.90,6.80,0.02,-0.03,0.00,33.53,11
2.30,-3.12,-5.35,6.57,0.09,-0.02,-0.01,33.53,3
2.35,-3.19,-4.90,6.79,0.14,-0.01,-0.04,33.53,11
2.40,-3.20,-5.02,6.73,0.09,-0.02,-0.01,33.53,7
2.45,-3.19,-5.01,6.76,0.09,-0.03,-0.02,33.54,10
2.50,-3.15,-5.08,6.72,0.08,-0.02,-0.02,33.55,11
2.55,-3.18,-5.01,6.73,0.09,-0.02,-0.02,33.56,21
2.60,-3.18,-5.07,6.72,0.08,-0.04,-0.02,33.56,12
2.65,-3.10,-5.04,6.69,0.07,-0.03,-0.01,33.58,9
2.70,-3.15,-5.21,6.67,0.11,-0.00,-0.02,33.56,12
2.75,-3.19,-5.01,6.78,0.15,0.00,-0.04,33.57,2
2.80,-3.17,-4.88,6.79,0.10,-0.02,-0.02,33.57,14
2.85,-3.15,-5.06,6.72,0.06,-0.03,-0.01,33.57,13
2.90,-3.18,-5.14,6.69,0.09,-0.03,-0.02,33.58,14
2.95,-3.18,-5.05,6.77,0.10,-0.04,-0.03,33.56,14
3.00,-3.09,-4.96,6.75,0.07,-0.04,-0.02,33.57,12
3.05,-3.09,-5.14,6.68,0.06,-0.03,-0.01,33.59,8
3.10,-3.15,-5.23,6.70,0.12,-0.00,-0.02,33.60,19
3.15,-3.13,-5.07,6.72,0.15,-0.00,-0.04,33.59,12
3.20,-3.22,-4.93,6.80,0.10,-0.02,-0.02,33.58,12
3.25,-3.17,-5.04,6.74,0.06,-0.04,-0.01,33.58,15
3.30,-3.10,-5.13,6.68,0.07,-0.03,-0.02,33.60,7
3.35,-3.11,-5.13,6.69,0.10,-0.01,-0.02,33.60,15
3.40,-3.15,-5.08,6.71,0.11,-0.01,-0.03,33.60,10
3.45,-3.16,-5.04,6.79,0.10,-0.02,-0.02,33.60,9
3.50,-3.13,-5.06,6.74,0.07,-0.03,-0.02,33.61,8
3.55,-3.11,-5.15,6.69,0.10,-0.01,-0.02,33.60,12
3.60,-3.11,-5.04,6.73,0.10,-0.02,-0.02,33.62,10
3.65,-3.15,-5.07,6.71,0.10,-0.02,-0.02,33.61,6
3.70,-3.06,-5.09,6.70,0.11,-0.01,-0.02,33.61,13
3.75,-3.09,-5.09,6.67,0.12,0.01,-0.02,33.62,6
3.80,-3.24,-4.99,6.80,0.13,0.01,-0.03,33.64,10
3.85,-3.33,-4.94,6.88,0.05,-0.08,-0.02,33.62,12
3.90,-3.05,-5.01,6.74,0.01,-0.11,-0.03,33.62,9
3.95,-2.91,-5.16,6.65,-0.01,-0.07,-0.00,33.64,13
4.00,-2.91,-5.52,6.54,0.09,-0.01,0.00,33.63,6
4.05,-3.07,-5.31,6.63,0.25,0.07,-0.05,33.65,8
4.10,-3.20,-4.92,6.84,0.24,0.04,-0.05,33.63,12
4.15,-3.21,-4.70,6.89,0.11,-0.02,-0.03,33.64,5
4.20,-3.13,-4.94,6.80,-0.01,-0.07,0.01,33.64,14
4.25,-2.99,-5.29,6.63,0.01,-0.06,-0.00,33.63,7
4.30,-3.01,-5.33,6.60,0.12,-0.00,-0.03,33.62,9
4.35,-3.13,-5.06,6.76,0.17,0.01,-0.04,33.62,5
4.40,-3.14,-4.95,6.78,0.11,-0.02,-0.03,33.64,16
4.45,-3.09,-4.99,6.80,0.06,-0.03,-0.02,33.66,11
4.50,-3.03,-5.19,6.68,0.06,-0.04,-0.01,33.65,3
4.55,-3.07,-5.17,6.71,0.12,-0.00,-0.03,33.66,9
4.60,-3.09,-5.04,6.75,0.12,-0.01,-0.03,33.64,12
4.65,-3.09,-5.01,6.79,0.08,-0.03,-0.02,33.65,7
4.70,-3.05,-5.16,6.68,0.07,-0.03,-0.01,33.67,2
4.75,-3.13,-5.15,6.72,0.11,-0.00,-0.03,33.66,13
4.80,-3.08,-5.10,6.75,0.11,-0.01,-0.02,33.67,16
4.85,-3.02,-5.09,6.68,0.12,0.01,-0.02,33.64,6
4.90,-3.21,-5.06,6.77,0.13,-0.01,-0.03,33.68,11
4.95,-3.08,-4.94,6.79,0.08,-0.05,-0.03,33.67,6
5.00,-3.05,-5.09,6.74,0.05,-0.03,-0.01,33.68,5
5.05,-3.06,-5.19,6.67,0.09,-0.02,-0.02,33.68,8
5.10,-3.05,-5.10,6.69,0.12,-0.00,-0.02,33.68,19
5.15,-3.10,-5.09,6.75,0.12,-0.01,-0.03,33.68,14
5.20,-3.15,-5.03,6.80,0.10,-0.02,-0.02,33.70,10
5.25,-3.08,-5.09,6.76,0.08,-0.03,-0.01,33.69,16
5.30,-3.07,-5.09,6.73,0.10,-0.01,-0.02,33.69,12
5.35,-3.12,-5.13,6.72,0.09,-0.02,-0.02,33.67,4
5.40,-3.06,-5.02,6.74,0.08,-0.02,-0.02,33.68,7
5.45,-3.13,-5.21,6.69,0.09,-0.02,-0.01,33.69,6
5.50,-3.07,-5.10,6.74,0.11,-0.01,-0.03,33.67,8
5.55,-3.13,-5.07,6.77,0.11,-0.01,-0.02,33.70,18
5.60,-3.10,-5.06,6.77,0.09,-0.02,-0.02,33.70,8
5.65,-3.10,-5.10,6.71,0.10,-0.01,-0.02,33.69,16
5.70,-3.15,-5.11,6.74,0.10,-0.02,-0.02,33.70,18
5.75,-3.16,-5.06,6.78,0.09,-0.02,-0.02,33.72,11
5.80,-3.08,-5.03,6.72,0.08,-0.03,-0.02,33.69,9
5.85,-3.09,-5.15,6.67,0.08,-0.02,-0.02,33.70,17
5.90,-3.06,-5.16,6.73,0.11,-0.00,-0.02,33.71,0
5.95,-3.17,-5.09,6.72,0.14,0.01,-0.03,33.72,14
6.00,-3.10,-4.99,6.74,0.12,-0.01,-0.03,33.71,14
6.05,-3.11,-4.99,6.77,0.08,-0.02,-0.02,33.72,11
6.10,-3.14,-5.14,6.72,0.07,-0.01,-0.01,33.72,14
6.15,-3.14,-5.18,6.67,0.13,-0.01,-0.03,33.71,5
6.20,-3.13,-5.03,6.78,0.15,-0.01,-0.04,33.72,13
6.25,-3.15,-4.90,6.80,0.11,-0.01,-0.03,33.71,5
6.30,-3.16,-5.02,6.75,0.06,-0.04,-0.02,33.73,9
6.35,-3.11,-5.09,6.72,0.05,-0.04,-0.02,33.73,6
6.40,-3.01,-5.19,6.64,0.09,0.00,-0.01,33.71,13
6.45,-3.23,-5.17,6.71,0.15,0.02,-0.03,33.73,9
6.50,-3.25,-4.92,6.82,0.14,-0.03,-0.05,33.74,12
6.55,-3.06,-4.85,6.83,0.06,-0.06,-0.03,33.73,13
6.60,-3.01,-5.10,6.71,-0.00,-0.02,0.02,33.73,16
6.65,-3.07,-5.43,6.55,0.12,0.00,-0.02,33.74,15
6.70,-3.10,-5.05,6.75,0.20,0.02,-0.04,33.75,12
6.75,-3.20,-4.88,6.86,0.15,0.02,-0.02,33.75,7
6.80,-3.13,-4.90,6.77,0.08,-0.02,-0.00,33.74,13
6.85,-3.20,-5.11,6.71,0.07,-0.02,0.00,33.75,13
6.90,-3.26,-5.16,6.75,0.12,-0.01,-0.02,33.76,14
6.95,-3.29,-5.13,6.76,0.17,-0.04,-0.05,33.74,16
7.00,-3.07,-4.85,6.79,0.17,-0.03,-0.10,33.75,13
7.05,-3.58,-5.16,7.20,0.02,0.23,-0.02,33.75,10
7.10,-2.95,-5.01,6.68,-0.00,0.18,0.02,33.74,10
7.15,-3.44,-5.53,6.56,0.20,0.13,-0.07,33.76,16
7.20,-3.74,-4.72,6.77,0.23,0.06,-0.06,33.77,4
7.25,-3.70,-4.60,6.08,0.05,0.04,0.04,33.75,8
7.30,-3.47,-5.01,6.61,-0.03,0.18,0.06,33.77,14
7.35,-3.91,-4.79,6.45,-0.06,0.09,0.04,33.77,7
7.40,-3.66,-4.97,6.20,-0.16,0.19,0.09,33.78,0
7.45,-4.05,-5.44,6.36,-0.19,0.21,0.05,33.77,5
7.50,-3.78,-5.74,6.54,0.06,-0.04,-0.03,33.76,18
7.55,-4.10,-5.29,6.08,0.15,0.03,-0.00,33.78,15
7.60,-3.97,-5.20,5.55,0.14,0.06,-0.07,33.75,19
7.65,-4.35,-5.01,6.18,0.15,0.21,-0.05,33.76,13
7.70,-4.12,-5.17,6.55,0.05,-0.05,0.06,33.77,13
7.75,-4.24,-5.41,5.96,0.08,-0.05,-0.02,33.76,8
7.80,-4.27,-5.29,5.94,0.11,-0.02,-0.01,33.77,10
7.85,-4.30,-5.22,6.00,0.11,-0.05,-0.02,33.77,14
7.90,-4.20,-5.33,6.14,0.05,-0.05,0.01,33.77,7
7.95,-4.11,-5.36,5.97,0.10,-0.03,-0.03,33.77,17
8.00,-4.29,-5.19,6.04,0.09,-0.02,-0.02,33.78,17
8.05,-4.19,-5.20,6.08,0.10,-0.03,-0.03,33.77,15
8.10,-4.23,-5.22,6.14,0.08,-0.04,-0.01,33.77,15
8.15,-4.12,-5.37,5.95,0.09,-0.01,-0.02,33.78,13
8.20,-4.21,-5.29,6.01,0.11,-0.03,-0.02,33.78,6
8.25,-4.19,-5.20,6.05,0.10,-0.03,-0.02,33.76,0
8.30,-4.14,-5.20,6.00,0.11,-0.01,-0.02,33.79,14
8.35,-4.14,-5.22,6.04,0.10,0.01,-0.01,33.78,9
8.40,-4.11,-5.20,6.02,0.09,0.04,0.01,33.78,8
8.45,-4.32,-5.25,6.07,0.10,0.03,0.02,33.78,12
8.50,-4.44,-5.23,6.06,0.10,-0.01,0.00,33.77,13
8.55,-4.27,-5.23,5.99,0.13,-0.03,-0.02,33.79,21
8.60,-4.37,-5.09,6.01,0.11,-0.05,-0.02,33.78,19
8.65,-4.47,-5.94,7.50,0.00,-0.03,0.16,33.79,9
8.70,-4.08,-5.29,5.95,0.10,-0.13,-0.08,33.79,13
8.75,-3.98,-5.04,6.06,0.08,0.03,-0.00,33.80,0
8.80,-4.54,-5.22,6.08,0.09,0.01,-0.03,33.80,13
8.85,-4.65,-5.41,6.00,0.07,-0.11,-0.13,33.82,24
8.90,-3.58,-5.11,6.02,0.05,-0.03,-0.08,33.81,2
8.95,-4.03,-5.14,6.09,0.03,0.11,0.01,33.80,12
9.00,-5.55,-5.80,6.02,0.10,-0.27,-0.15,33.79,6
9.05,-6.92,-5.27,3.72,0.14,-0.92,-0.08,33.81,8
9.10,-6.17,-4.90,3.10,-0.16,1.03,0.98,33.80,4
9.15,-5.89,-5.41,5.11,-0.08,1.14,1.00,33.81,9
9.20,-5.80,-6.23,5.74,0.28,1.15,0.54,33.79,6
9.25,-6.42,-2.79,8.61,1.12,0.89,0.97,33.80,7
9.30,-5.25,-3.67,3.17,1.13,0.36,-0.19,33.80,12
9.35,-5.36,-6.12,4.88,1.16,2.08,-0.32,33.80,19
9.40,-4.87,-5.53,6.69,1.10,1.38,-1.33,33.80,11
9.45,-6.62,-5.70,5.29,-0.19,0.08,-0.99,33.82,11
9.50,-6.13,-5.44,3.82,0.45,-0.09,-1.37,33.82,9
9.55,-6.83,-4.14,3.05,1.17,0.08,-1.25,33.81,17
9.60,-6.92,-4.74,1.27,1.18,-0.02,-0.75,33.84,10
9.65,-6.91,-3.93,0.09,0.81,1.07,-0.72,33.82,13
9.70,-13.64,4.34,9.10,2.76,-1.76,1.20,33.83,16
9.75,-5.90,-4.70,5.14,-0.03,0.20,-0.07,33.83,9
9.80,-6.42,-4.76,5.06,0.06,-0.04,-0.14,33.82,17
9.85,-5.76,-5.09,4.77,0.15,-0.10,0.03,33.82,4
9.90,-6.13,-4.71,5.06,0.11,-0.04,0.08,33.82,22
9.95,-5.90,-4.89,4.91,0.05,-0.01,0.04,33.83,12
10.00,-6.16,-4.74,4.93,-0.20,0.16,0.11,33.82,12
10.05,-6.13,-4.91,4.77,0.00,0.03,0.07,33.82,3
10.10,-6.04,-4.94,4.63,0.09,-0.01,0.04,33.84,15
10.15,-6.13,-4.65,4.80,0.15,-0.17,0.07,33.83,9
10.20,-6.22,-4.57,5.00,0.18,-0.16,0.04,33.83,17
10.25,-6.00,-4.72,4.91,0.12,-0.03,-0.10,33.82,8
10.30,-6.00,-4.73,4.98,0.09,-0.02,-0.06,33.83,12
10.35,-5.93,-4.69,4.98,0.13,-0.06,-0.01,33.84,10
10.40,-5.96,-4.68,5.02,0.01,-0.00,-0.07,33.83,26
10.45,-5.85,-4.72,4.94,0.06,0.03,-0.08,33.81,0
10.50,-5.95,-4.82,4.74,0.11,-0.07,-0.04,33.81,3
10.55,-5.77,-5.02,4.87,0.08,-0.11,-0.07,33.85,8
10.60,-5.77,-4.75,4.97,0.25,-0.23,0.16,33.83,22
10.65,-5.94,-4.54,5.26,0.18,-0.08,0.08,33.84,14
10.70,-5.95,-4.72,5.21,0.12,0.07,-0.05,33.84,6
10.75,-5.92,-4.60,5.30,0.27,0.06,-0.02,33.83,4
10.80,-4.74,-7.24,4.52,0.94,0.52,-0.51,33.83,18
10.85,-6.52,-7.18,4.10,2.78,1.41,-1.01,33.85,23
10.90,-4.09,-7.20,4.73,1.70,1.63,-2.03,33.84,10
10.95,-5.88,-5.94,4.25,2.00,1.16,-2.21,33.84,8
11.00,-6.56,-4.53,2.80,1.49,0.87,-2.03,33.84,10
11.05,-7.29,-2.56,3.16,0.62,0.44,-1.27,33.85,15
11.10,-10.14,-2.64,3.21,-0.50,-0.20,-0.17,33.86,5
11.15,-6.49,-0.65,5.75,1.16,-0.32,2.06,33.84,16
11.20,-6.21,-4.59,4.90,-0.10,-0.06,-0.09,33.86,3
11.25,-5.94,-4.83,4.96,0.10,-0.20,-0.09,33.84,16
11.30,-5.84,-5.25,4.76,-0.07,-0.02,-0.22,33.85,1
11.35,-5.82,-5.13,4.85,0.00,0.03,-0.15,33.88,27
11.40,-5.57,-5.24,4.70,0.14,-0.05,0.06,33.84,3
11.45,-5.70,-5.07,4.80,0.22,-0.11,0.18,33.84,19
11.50,-5.87,-4.76,5.07,0.34,-0.19,0.22,33.87,7
11.55,-5.89,-4.74,5.22,0.26,-0.01,-0.01,33.87,15
11.60,-5.71,-4.94,5.43,-0.15,0.43,0.13,33.84,17
11.65,-6.33,-7.84,6.27,0.43,1.68,1.22,33.86,5
11.70,-1.21,-5.73,7.76,0.33,0.38,-0.32,33.85,6
11.75,-3.11,-5.11,7.07,0.18,-1.28,-0.79,33.86,4
11.80,-7.30,-6.61,6.38,0.50,-1.74,-1.66,33.85,11
11.85,-5.04,-3.73,4.29,0.24,-1.20,-0.86,33.85,13
11.90,-5.07,-4.39,4.63,-0.24,-0.92,-0.20,33.86,9
11.95,-5.95,-5.28,5.20,-0.12,-0.84,-0.39,33.86,10
12.00,-5.21,-4.41,4.46,-0.01,-0.61,-0.44,33.87,4
12.05,-4.49,-4.78,4.01,0.34,0.14,-0.14,33.85,6
12.10,-4.68,-4.55,5.81,0.43,0.97,-0.00,33.87,12
12.15,-6.29,-4.49,6.71,-0.11,1.54,0.91,33.85,18
12.20,-5.09,-6.45,4.77,-0.06,1.12,0.67,33.87,6
12.25,-8.25,-5.28,4.87,-0.01,0.98,0.63,33.86,17
12.30,-6.37,-4.69,4.86,0.09,-0.09,0.22,33.86,10
12.35,-5.97,-5.18,4.55,0.03,0.02,0.11,33.87,5
12.40,-6.18,-4.78,4.75,0.16,-0.08,0.12,33.88,17
12.45,-6.31,-4.48,4.83,0.15,0.06,0.09,33.88,7
12.50,-6.27,-4.65,4.68,0.10,0.06,0.09,33.88,13
12.55,-6.39,-4.58,4.65,0.04,0.12,0.03,33.90,20
12.60,-6.51,-4.49,4.58,0.07,0.11,0.11,33.88,14
12.65,-6.34,-4.92,4.68,0.15,0.13,0.21,33.89,7
12.70,-6.78,-4.84,5.87,0.02,0.98,0.70,33.90,7
12.75,-7.44,-4.63,4.05,-0.08,1.90,1.23,33.89,0
12.80,-8.18,-2.93,2.20,-0.09,1.87,1.53,33.89,6
12.85,-9.47,-1.97,1.43,-0.08,2.10,1.35,33.87,1
12.90,-9.29,-0.85,-0.60,-0.08,2.18,1.07,33.90,17
12.95,-9.06,-0.36,-2.54,-0.10,2.13,1.07,33.90,0
13.00,-9.03,0.53,-3.83,-0.04,1.68,0.80,33.89,4
13.05,-8.41,1.00,-4.60,-0.27,1.46,0.59,33.87,42
13.10,-7.92,1.79,-6.24,-0.23,1.04,0.41,33.88,3
13.15,-7.68,1.86,-7.06,-0.08,0.57,0.30,33.88,0
13.20,-7.68,1.82,-6.52,-0.07,0.18,0.19,33.90,5
13.25,-7.80,2.19,-5.95,0.19,0.14,0.21,33.90,12
13.30,-8.07,2.32,-6.24,0.29,0.19,0.06,33.89,26
13.35,-8.22,2.02,-7.16,0.12,0.15,0.07,33.88,4
13.40,-8.18,2.33,-6.84,0.39,0.08,0.05,33.89,0
13.45,-8.27,1.39,-6.22,-0.04,0.28,-0.08,33.89,28
13.50,-7.96,2.77,-7.96,-0.30,0.42,-0.09,33.89,36
13.55,-8.67,1.43,-6.29,-0.12,-0.02,0.15,33.90,0
13.60,-13.61,-1.57,-4.22,1.48,-1.72,-0.94,33.89,13
13.65,-9.69,-3.41,2.48,-0.60,-3.16,-2.16,33.88,3
13.70,-7.95,-4.39,3.76,0.33,-4.37,-2.42,33.89,8
13.75,-9.62,-5.35,4.93,0.21,-4.09,-2.27,33.91,2
13.80,-11.20,-5.12,5.78,0.16,-3.61,-2.05,33.88,10
13.85,-10.73,-5.38,5.39,0.10,-3.26,-2.09,33.88,11
13.90,-10.56,-4.18,2.94,-0.05,-2.63,-1.61,33.92,11
13.95,-7.99,-3.42,2.24,-0.14,-1.36,-0.70,33.92,14
14.00,-5.42,-3.37,2.36,0.38,-0.19,-0.68,33.90,8
14.05,-5.37,-3.62,2.66,0.28,0.62,-0.17,33.91,9
14.10,-1.63,-3.72,7.48,0.77,2.79,0.90,33.89,4
14.15,-5.80,-8.17,4.96,-0.66,1.79,0.87,33.89,18
14.20,-6.76,-4.98,5.78,-0.10,1.24,0.54,33.92,10
14.25,-6.95,-6.34,4.44,-0.14,0.73,0.26,33.93,7
14.30,-6.13,-5.23,4.66,0.20,0.10,0.26,33.91,14
14.35,-6.05,-5.02,4.69,0.05,-0.24,0.44,33.92,9
14.40,-6.25,-4.79,4.87,0.21,-0.11,0.23,33.90,9
14.45,-6.18,-4.83,4.81,0.10,0.02,0.05,33.92,4
14.50,-6.09,-4.81,4.78,0.03,0.04,0.07,33.91,10
14.55,-6.04,-4.86,4.74,0.02,0.07,0.11,33.91,14
14.60,-6.22,-4.78,4.70,0.07,0.10,0.17,33.91,11
14.65,-6.40,-4.64,4.51,0.17,0.13,0.25,33.91,11
14.70,-6.57,-4.38,4.84,0.16,0.21,0.25,33.91,5
14.75,-6.71,-4.97,5.31,0.06,0.87,0.53,33.92,11
14.80,-7.40,-3.96,4.38,-0.05,1.72,0.94,33.92,10
14.85,-8.14,-4.24,3.12,-0.03,2.10,1.42,33.92,6
14.90,-8.87,-1.88,0.92,-0.18,2.32,1.52,33.93,23
14.95,-9.50,-1.19,-1.16,-0.07,2.33,1.42,33.92,3
15.00,-9.28,-0.58,-3.23,-0.02,1.79,1.23,33.93,1
15.05,-8.76,1.06,-3.74,-0.09,1.40,1.07,33.95,17
15.10,-8.43,1.86,-4.48,-0.01,1.23,0.70,33.94,8
15.15,-8.21,2.02,-5.32,0.16,0.99,0.37,33.92,3
15.20,-7.95,1.40,-5.91,0.18,0.68,0.24,33.93,2
15.25,-8.06,1.93,-6.70,-0.01,0.30,0.14,33.94,0
15.30,-8.09,2.52,-6.59,-0.30,0.16,0.03,33.94,26
15.35,-7.85,2.33,-6.26,-0.04,0.15,0.06,33.92,67
15.40,-7.67,2.97,-6.54,0.19,0.20,0.02,33.92,0
15.45,-7.96,1.86,-7.16,0.27,0.00,-0.01,33.93,1
15.50,-7.75,2.51,-6.59,-0.35,-0.00,-0.10,33.94,24
15.55,-7.55,2.80,-6.56,-0.07,0.04,-0.05,33.93,63
15.60,-7.49,2.45,-5.95,-0.03,0.12,-0.06,33.94,0
15.65,-7.63,2.71,-6.27,0.29,0.15,-0.05,33.95,10
15.70,-7.95,2.00,-6.85,0.17,0.18,-0.07,33.93,12
15.75,-11.91,-1.34,-3.73,0.56,-1.74,-0.71,33.93,18
15.80,-11.09,-3.66,1.64,0.84,-2.78,-2.26,33.94,5
15.85,-7.41,-4.31,3.83,0.34,-3.79,-2.00,33.93,10
15.90,-5.91,-4.21,3.18,0.34,-3.77,-1.85,33.94,9
15.95,-9.86,-4.41,3.87,0.28,-3.34,-2.11,33.94,13
16.00,-12.95,-5.44,4.77,0.15,-3.17,-2.09,33.94,7
16.05,-11.51,-4.21,3.85,0.38,-2.37,-1.75,33.94,11
16.10,-9.35,-2.81,1.70,0.24,-1.48,-1.14,33.95,12
16.15,-7.23,-3.17,1.94,0.11,-0.52,-0.47,33.93,11
16.20,-5.51,-4.43,2.48,0.26,0.50,-0.08,33.96,14
16.25,-4.53,-3.58,6.88,0.47,1.86,0.87,33.94,9
16.30,-5.93,-4.07,6.46,-0.73,1.35,0.62,33.95,12
16.35,-6.61,-5.95,4.95,-0.09,1.10,0.59,33.95,1
16.40,-8.02,-4.23,5.46,-0.06,0.49,0.16,33.94,11
16.45,-6.26,-5.11,4.67,-0.08,0.05,-0.13,33.96,4
16.50,-6.13,-5.10,4.53,-0.20,-0.07,0.03,33.97,3
16.55,-6.29,-5.17,4.33,-0.11,-0.01,0.08,33.96,16
16.60,-6.11,-5.30,4.08,0.03,-0.10,0.27,33.95,9
16.65,-6.03,-4.85,4.54,0.38,-0.34,0.56,33.96,9
16.70,-6.25,-4.95,4.49,0.12,0.16,-0.01,33.96,8
16.75,-6.18,-5.05,4.35,0.35,0.10,0.24,33.95,11
16.80,-6.71,-4.51,4.98,0.40,0.37,0.53,33.94,11
16.85,-7.17,-4.48,5.53,0.28,1.03,0.87,33.96,9
16.90,-7.58,-4.14,4.37,0.14,2.04,1.34,33.95,13
16.95,-8.31,-2.55,2.20,0.16,2.37,1.68,33.98,10
17.00,-8.85,-1.12,0.61,-0.06,2.62,1.53,33.97,0
17.05,-9.28,0.12,-2.19,-0.00,2.35,1.24,33.96,0
17.10,-8.93,0.46,-3.84,-0.08,1.71,1.02,33.97,16
17.15,-8.83,1.93,-4.23,-0.07,1.18,0.68,33.97,0
17.20,-8.67,1.97,-4.77,-0.04,1.12,0.36,33.97,0
17.25,-8.17,2.06,-6.32,0.04,0.86,0.27,33.97,0
17.30,-8.03,2.13,-6.54,-0.02,0.42,0.18,33.98,0
17.35,-7.79,2.21,-6.13,0.01,0.11,0.12,33.99,0
17.40,-8.19,2.16,-5.89,-0.05,0.02,-0.01,33.99,0
17.45,-8.04,2.23,-5.55,-0.27,0.24,0.08,33.96,0
17.50,-7.82,2.91,-6.13,0.08,0.22,0.07,33.97,47
17.55,-7.49,2.54,-6.23,0.29,0.13,0.03,33.96,0
17.60,-7.38,2.81,-6.45,0.34,0.13,0.03,33.97,0
17.65,-7.80,2.09,-6.76,0.30,0.03,0.00,34.00,56
17.70,-7.39,3.02,-6.85,0.16,0.09,-0.00,33.99,9
17.75,-8.93,2.13,-7.09,0.43,-0.10,-0.08,33.98,11
17.80,-14.14,-5.04,-0.58,0.29,-1.21,-1.36,33.97,4
17.85,-9.86,-3.97,2.73,0.01,-2.97,-1.98,33.99,12
17.90,-7.55,-4.92,4.64,0.19,-3.58,-2.01,34.00,0
17.95,-7.11,-4.76,4.40,0.54,-3.61,-2.34,34.00,15
18.00,-10.86,-4.82,5.23,0.55,-3.46,-2.28,33.99,11
18.05,-11.21,-5.52,4.79,0.30,-3.20,-1.80,34.00,3
18.10,-13.67,-3.56,1.08,0.77,-2.00,-1.69,33.99,10
18.15,-9.66,-2.07,0.21,-0.05,-1.27,-0.81,33.99,8
18.20,-12.55,-0.28,-3.96,0.42,1.06,0.84,34.00,1
18.25,-8.10,-4.86,6.83,-0.56,1.79,0.93,33.98,0
18.30,-6.12,-4.33,5.70,-0.22,1.07,0.24,34.01,15
18.35,-7.90,-7.42,3.83,-0.18,0.68,0.27,34.00,3
18.40,-6.49,-5.14,4.72,-0.29,-0.13,0.00,34.00,16
18.45,-6.17,-5.47,4.43,-0.29,0.08,0.11,34.01,0
18.50,-6.37,-5.31,4.13,-0.11,0.18,0.11,34.01,14
18.55,-6.13,-5.66,3.72,-0.03,0.05,0.19,34.00,0
18.60,-6.29,-5.25,4.22,0.10,-0.13,0.26,33.99,4
18.65,-6.19,-5.27,3.96,0.23,-0.34,0.55,34.00,2
18.70,-6.54,-4.79,4.43,0.08,0.05,0.24,34.01,6
18.75,-6.70,-4.82,4.43,0.15,0.08,0.48,34.01,11
18.80,-6.89,-4.68,4.66,0.23,0.44,0.47,34.01,13
18.85,-7.13,-4.89,5.10,0.16,1.41,0.69,34.01,12
18.90,-7.77,-4.93,3.27,0.15,2.17,1.25,34.00,5
18.95,-8.69,-2.94,1.51,-0.15,2.44,1.57,34.00,14
19.00,-8.64,-1.61,-0.84,0.04,2.34,1.72,34.01,0
19.05,-9.17,-0.02,-3.01,0.04,1.97,1.50,34.02,36
19.10,-8.72,1.40,-4.14,0.00,1.63,1.10,34.01,0
19.15,-8.68,1.61,-4.83,-0.07,1.44,0.67,34.01,12
19.20,-8.14,1.92,-5.58,-0.01,1.03,0.49,34.02,0
19.25,-7.95,2.24,-6.27,0.00,0.70,0.23,34.02,0
19.30,-7.20,2.65,-6.69,0.08,0.57,0.10,34.00,0
19.35,-7.26,2.02,-7.02,0.29,0.19,0.07,34.01,0
19.40,-7.30,2.41,-7.23,0.10,0.08,0.12,34.02,0
19.45,-7.40,3.01,-6.70,0.18,0.09,-0.04,34.02,16
19.50,-7.60,1.94,-7.25,0.29,0.05,-0.09,34.02,7
19.55,-7.68,1.81,-7.08,-0.29,-0.04,-0.15,34.02,0
19.60,-7.68,2.49,-6.78,-0.28,0.14,0.00,33.99,30
19.65,-7.74,2.71,-6.95,-0.10,0.19,-0.12,34.02,12
19.70,-9.99,0.43,-4.65,-0.90,-0.67,-0.51,34.03,10
19.75,-11.03,-1.44,-4.37,1.27,-0.16,-0.92,34.02,10
19.80,-13.38,-3.11,-0.25,1.35,-2.43,-1.88,34.03,5
19.85,-7.18,-4.82,3.04,0.39,-3.67,-1.19,33.99,1
19.90,-6.66,-5.32,2.15,0.80,-4.37,-1.89,34.05,3
19.95,-10.41,-5.68,3.51,0.88,-3.72,-3.00,34.03,0
20.00,-12.66,-6.49,4.38,0.80,-2.85,-2.24,34.02,8
20.05,-10.53,-4.78,4.28,0.59,-2.61,-2.15,34.04,0
20.10,-9.15,-3.68,2.22,-0.39,-2.48,-1.18,34.04,7
20.15,-6.50,-2.89,2.20,-0.37,-1.59,-0.58,34.03,6
20.20,-5.32,-2.96,2.54,-0.01,-0.32,-0.16,34.04,3
20.25,5.44,-14.44,19.15,1.54,0.62,0.45,34.03,5
20.30,-6.82,-2.15,8.23,-0.34,2.69,1.26,34.01,1
20.35,-5.44,-6.63,5.07,-0.20,1.66,0.46,34.03,8
20.40,-6.90,-5.81,5.25,-0.19,1.24,0.56,34.03,11
20.45,-6.62,-5.32,4.85,0.16,0.29,0.24,34.04,9
20.50,-5.91,-5.34,4.59,0.18,0.06,0.18,34.05,7
20.55,-6.00,-5.13,4.66,0.02,-0.31,0.53,34.03,7
20.60,-6.03,-5.02,4.68,0.16,-0.12,0.19,34.03,2
20.65,-6.11,-4.93,4.71,0.05,-0.20,0.15,34.04,6
20.70,-6.12,-4.75,4.84,0.19,-0.07,0.02,34.04,4
20.75,-5.78,-4.96,4.87,0.28,-0.13,0.05,34.06,0
20.80,-5.87,-4.76,5.01,0.22,-0.04,0.25,34.04,11
20.85,-6.11,-4.57,5.16,0.11,0.17,0.29,34.06,6
20.90,-6.46,-4.79,6.20,0.26,0.73,0.74,34.02,8
20.95,-7.03,-4.15,5.21,0.10,1.97,1.10,34.03,6
21.00,-7.97,-3.30,3.33,0.15,2.30,1.44,34.04,20
21.05,-8.88,-2.15,1.94,0.11,2.50,1.34,34.02,45
21.10,-9.28,-1.28,-0.59,0.31,2.58,1.31,34.06,22
21.15,-9.03,-0.10,-2.64,0.37,2.04,1.17,34.06,0
21.20,-8.53,1.21,-4.00,0.14,1.74,0.81,34.04,30
21.25,-8.52,1.23,-4.71,0.25,1.40,0.51,34.06,0
21.30,-8.08,0.83,-6.13,0.00,1.04,0.25,34.06,0
21.35,-7.70,1.38,-5.84,-0.30,0.52,0.08,34.03,0
21.40,-8.00,1.57,-6.53,-0.29,0.16,-0.10,34.06,16
21.45,-8.27,1.36,-6.37,-0.33,0.08,-0.17,34.06,10
21.50,-8.00,2.15,-5.98,-0.39,0.14,-0.14,34.05,0
21.55,-7.83,1.89,-6.04,-0.19,0.08,-0.19,34.04,0
21.60,-8.04,1.58,-7.56,-0.54,-0.05,-0.43,34.04,12
21.65,-8.28,1.25,-5.78,-1.29,-0.33,-0.46,34.04,0
21.70,-8.37,1.18,-4.65,-1.87,-0.47,-0.48,34.04,10
21.75,-7.92,2.66,-4.53,-2.64,-0.41,-0.66,34.04,4
21.80,-7.80,3.07,-4.75,-2.44,-0.49,-0.52,34.05,14
21.85,-9.22,2.53,-4.58,-2.62,-0.90,-0.33,34.05,26
21.90,-9.38,0.95,-0.94,-3.13,-1.26,-0.23,34.05,0
21.95,-9.19,1.37,0.51,-3.95,-1.07,-0.24,34.05,0
22.00,-8.69,2.17,1.57,-3.81,-0.66,-0.24,34.06,0
22.05,-8.69,0.89,2.14,-2.84,-0.64,-0.09,34.07,6
22.10,-8.79,-0.88,2.87,-3.16,-0.71,-0.32,34.08,4
22.15,-8.22,0.53,2.56,-2.96,-0.50,-0.10,34.07,0
22.20,-9.23,-2.92,2.53,-1.69,-0.44,-0.64,34.07,4
22.25,-6.61,-0.08,6.18,-1.25,-1.69,-0.34,34.08,7
22.30,-7.04,-4.91,6.27,-0.97,-1.62,0.15,34.07,6
22.35,-6.17,-4.50,5.99,-0.82,-1.38,-0.30,34.07,5
22.40,-5.12,-4.75,6.06,-0.58,-0.99,-0.31,34.04,6
22.45,-6.35,-3.80,5.68,-0.62,-1.11,-0.03,34.07,3
22.50,-4.48,-4.31,5.51,-0.44,-0.86,-0.16,34.07,3
22.55,-4.16,-5.09,6.03,0.04,-1.02,-0.46,34.05,4
22.60,-3.86,-4.50,4.68,-0.16,-1.03,-0.39,34.05,7
22.65,-4.36,-4.68,3.17,0.15,-0.59,-0.33,34.05,10
22.70,-4.18,-4.71,4.27,0.26,-0.11,-0.11,34.06,6
22.75,3.78,-9.66,14.04,0.80,0.73,0.42,34.07,7
22.80,-5.99,-4.23,6.65,-1.11,1.76,1.02,34.07,9
22.85,-8.89,-6.35,4.61,-0.13,0.82,0.51,34.08,3
22.90,-6.46,-4.93,4.58,-0.01,0.18,0.22,34.06,1
22.95,-6.40,-5.29,4.30,-0.05,0.16,0.07,34.08,0
23.00,-6.10,-5.19,4.36,-0.04,-0.09,0.23,34.06,4
23.05,-6.36,-5.06,4.29,0.12,0.04,0.10,34.07,5
23.10,-6.50,-4.74,4.46,0.33,-0.23,0.27,34.08,12
23.15,-6.48,-4.58,4.55,0.08,-0.08,0.15,34.09,3
23.20,-6.31,-4.60,4.66,0.07,-0.21,0.17,34.07,5
23.25,-6.43,-4.52,4.66,0.15,0.03,0.15,34.08,5
23.30,-6.45,-4.55,4.69,0.18,0.18,0.22,34.06,5
23.35,-6.69,-4.28,5.20,0.19,0.38,0.29,34.07,8
23.40,-7.17,-4.42,5.64,0.13,1.32,0.90,34.08,10
23.45,-7.84,-4.54,3.49,0.12,1.83,1.31,34.08,0
23.50,-8.71,-2.10,2.37,0.05,1.83,1.44,34.09,0
23.55,-8.87,-1.44,1.06,0.07,2.09,1.32,34.07,0
23.60,-9.22,-0.22,-0.55,-0.04,2.35,1.25,34.10,13
23.65,-9.53,0.35,-3.13,0.15,2.13,1.16,34.08,0
23.70,-8.88,1.49,-4.30,0.14,1.84,0.90,34.09,0
23.75,-8.56,2.18,-5.03,-0.22,1.69,0.41,34.09,16
23.80,-7.77,2.22,-6.83,0.28,1.16,0.18,34.08,0
23.85,-7.30,2.02,-7.45,0.16,0.65,0.12,34.09,0
23.90,-7.11,2.29,-7.20,-0.20,0.28,-0.00,34.07,0
23.95,-7.31,2.00,-6.97,0.24,0.17,0.04,34.09,31
24.00,-7.17,2.01,-6.80,0.00,0.16,-0.01,34.09,89
24.05,-7.10,2.50,-7.46,0.18,0.17,-0.07,34.07,21
24.10,-6.84,2.35,-7.90,-0.08,0.05,-0.05,34.09,0
24.15,-7.24,3.13,-7.20,-0.02,0.17,0.06,34.08,90
24.20,-7.35,1.89,-8.14,0.73,0.01,-0.02,34.08,0
24.25,-7.54,1.44,-6.56,-0.23,0.14,-0.11,34.09,6
24.30,-9.29,0.12,-5.51,-0.43,0.02,-0.26,34.09,0
24.35,-10.18,0.55,-4.84,-0.16,-0.43,-0.06,34.09,5
24.40,-10.78,-0.21,-3.56,0.85,-1.40,-1.30,34.10,5
24.45,-8.70,-1.29,1.97,0.55,-4.23,-2.14,34.10,11
24.50,-6.95,-3.52,2.54,0.50,-4.37,-2.07,34.09,4
24.55,-9.20,-4.04,3.72,0.58,-3.72,-2.42,34.11,3
24.60,-11.74,-4.98,4.22,0.07,-3.67,-1.84,34.12,2
24.65,-11.82,-5.20,5.06,0.40,-2.62,-2.20,34.08,0
24.70,-9.02,-3.97,3.75,0.70,-2.64,-1.58,34.09,13
24.75,-8.07,-2.64,1.71,-0.20,-1.65,-0.82,34.10,4
24.80,-7.23,-3.46,1.36,0.28,0.12,-0.20,34.09,5
24.85,-6.51,-3.94,1.71,0.51,1.28,0.03,34.11,4
24.90,-5.36,-1.86,7.91,0.03,2.12,0.66,34.10,0
24.95,-6.53,-7.27,5.13,-0.31,1.93,0.63,34.12,4
25.00,-7.20,-5.42,5.05,-0.13,1.03,0.51,34.10,0
25.05,-7.69,-4.41,5.20,-0.02,0.31,0.32,34.12,14
25.10,-6.37,-4.90,4.64,0.07,0.12,0.23,34.12,2
25.15,-6.29,-4.88,4.55,0.17,0.07,0.12,34.11,7
25.20,-6.49,-4.65,4.42,0.16,-0.07,0.13,34.11,5
25.25,-6.50,-4.55,4.61,0.11,-0.24,0.07,34.12,5
25.30,-6.37,-4.49,4.77,0.11,-0.23,0.04,34.11,9
25.35,-6.27,-4.53,4.78,0.10,-0.02,0.03,34.13,7
25.40,-5.99,-4.75,4.84,0.14,-0.08,0.13,34.11,5
25.45,-6.38,-4.48,4.80,0.11,0.11,0.14,34.12,6
25.50,-6.45,-4.50,4.95,0.13,0.27,0.23,34.09,10
25.55,-6.74,-4.60,5.73,0.06,0.76,0.47,34.10,8
25.60,-7.30,-4.14,4.78,-0.10,1.83,1.11,34.11,4
25.65,-8.11,-3.81,2.74,-0.07,2.07,1.39,34.12,14
25.70,-8.60,-2.00,1.50,-0.24,2.33,1.47,34.11,6
25.75,-8.74,-0.41,-0.71,-0.13,2.34,1.11,34.12,5
25.80,-9.71,-1.09,-3.00,0.00,1.76,0.96,34.14,9
25.85,-8.89,0.46,-3.73,-0.01,1.48,1.21,34.12,10
25.90,-8.90,1.65,-4.31,-0.05,1.49,0.96,34.10,0
25.95,-8.47,2.48,-5.63,0.08,1.28,0.50,34.12,0
26.00,-7.80,1.87,-6.14,0.29,1.01,0.28,34.12,0
26.05,-7.55,1.92,-7.14,0.06,0.63,0.16,34.12,19
26.10,-6.95,2.75,-7.11,-0.03,0.28,0.08,34.12,61
26.15,-7.12,1.86,-7.02,0.10,0.08,0.07,34.14,17
26.20,-7.10,2.44,-6.25,0.02,0.13,0.07,34.12,13
26.25,-7.16,2.20,-6.87,0.27,0.06,0.02,34.12,107
26.30,-7.43,1.90,-7.20,0.19,0.04,-0.02,34.10,11
26.35,-7.26,2.68,-7.55,-0.08,0.01,-0.04,34.11,0
26.40,-7.25,2.97,-7.32,0.39,0.13,0.01,34.10,19
26.45,-7.16,2.16,-7.89,0.12,0.05,-0.11,34.11,30
26.50,-7.04,2.51,-7.88,0.12,0.04,-0.05,34.11,0
26.55,-8.33,1.56,-7.61,-0.25,-0.01,-0.12,34.11,4
26.60,-11.42,0.44,-5.01,-0.30,-2.08,-0.42,34.12,2
26.65,-12.56,-2.48,-1.49,1.03,-1.41,-2.06,34.13,9
26.70,-8.56,-3.12,4.24,-0.01,-2.82,-1.93,34.12,13
26.75,-6.37,-3.77,3.42,-0.00,-4.37,-1.83,34.13,5
26.80,-9.61,-4.75,3.43,0.26,-3.80,-2.33,34.14,9
26.85,-11.21,-5.18,3.54,0.24,-2.98,-1.95,34.14,17
26.90,-9.74,-4.30,4.95,0.48,-2.59,-2.47,34.13,8
26.95,-10.48,-4.53,4.07,0.43,-2.71,-1.73,34.12,2
27.00,-9.14,-1.73,1.45,-0.20,-1.69,-0.77,34.13,1
27.05,-6.13,-3.57,1.96,0.30,0.24,-0.11,34.10,10
27.10,1.45,-7.59,6.42,0.50,1.38,0.29,34.13,2
27.15,-4.68,-3.21,6.93,-0.47,2.35,1.06,34.12,3
27.20,-7.99,-5.33,5.45,0.08,1.48,0.56,34.13,6
27.25,-12.75,-4.88,5.20,-0.08,0.57,0.79,34.13,9
27.30,-6.42,-4.42,4.81,0.12,0.15,0.22,34.12,5
27.35,-6.73,-4.35,4.51,0.10,0.11,0.07,34.14,5
27.40,-6.49,-4.27,4.50,0.03,-0.07,0.02,34.14,4
27.45,-6.62,-4.11,4.80,-0.07,-0.22,0.04,34.14,6
27.50,-6.29,-4.30,4.82,0.25,-0.09,0.03,34.13,5
27.55,-6.34,-4.30,4.79,0.11,-0.08,0.04,34.13,4
27.60,-6.27,-4.32,4.87,0.05,-0.03,0.04,34.16,4
27.65,-6.31,-4.45,4.92,0.09,0.07,0.15,34.14,10
27.70,-6.39,-4.59,5.00,0.23,0.35,0.34,34.14,20
27.75,-6.91,-4.01,5.78,0.18,1.06,0.68,34.14,3
27.80,-7.46,-4.07,4.23,0.09,1.71,1.18,34.15,2
27.85,-8.33,-2.70,3.04,0.15,1.92,1.47,34.13,6
27.90,-8.90,-1.55,1.50,0.07,2.17,1.43,34.14,0
27.95,-8.72,-0.29,-0.54,0.12,2.50,1.25,34.14,2
28.00,-9.37,0.25,-2.43,0.09,2.32,0.99,34.12,7
28.05,-8.55,1.01,-3.36,-0.03,2.27,0.83,34.13,7
28.10,-8.63,1.25,-5.14,-0.06,1.89,0.52,34.14,5
28.15,-7.23,1.96,-7.08,-0.21,1.03,0.23,34.14,0
28.20,-6.93,2.02,-7.51,-0.12,0.44,0.19,34.14,0
28.25,-7.30,2.50,-7.43,-0.06,0.10,0.16,34.14,0
28.30,-7.56,2.77,-6.90,0.19,0.03,0.03,34.14,0
28.35,-7.55,2.24,-7.07,0.13,0.04,-0.01,34.15,79
28.40,-7.28,2.38,-6.82,0.15,0.06,0.02,34.13,0
28.45,-7.25,2.36,-6.38,0.26,0.10,0.04,34.14,19
28.50,-7.34,2.25,-6.93,0.33,0.09,-0.00,34.16,0
28.55,-7.19,2.07,-7.35,0.26,0.01,-0.03,34.13,0
28.60,-7.33,2.43,-7.88,0.08,-0.17,-0.06,34.14,0
28.65,-7.68,1.88,-6.36,-0.14,-0.22,-0.02,34.14,10
28.70,-7.63,1.81,-5.98,0.09,-0.07,0.04,34.15,8
28.75,-7.65,2.41,-6.49,-0.04,0.07,-0.11,34.15,0
28.80,-8.16,1.94,-7.43,-0.11,-0.05,-0.09,34.14,5
28.85,-11.52,-2.38,-2.99,0.51,-1.71,-1.52,34.16,7
28.90,-11.96,-2.56,0.80,0.18,-3.62,-1.78,34.15,2
28.95,-8.19,-5.11,4.18,-0.13,-3.59,-1.92,34.14,8
29.00,-7.74,-3.89,3.65,-0.04,-3.67,-2.21,34.14,12
29.05,-8.94,-4.44,3.99,0.19,-2.62,-1.99,34.14,10
29.10,-10.18,-3.97,5.72,0.66,-2.50,-1.96,34.15,6
29.15,-12.07,-4.87,5.08,0.62,-2.49,-1.50,34.14,7
29.20,-9.57,-3.71,2.47,0.51,-1.54,-1.34,34.14,10
29.25,-7.75,-2.67,1.12,0.29,-0.73,-0.63,34.14,4
29.30,-6.16,-3.60,2.42,0.13,0.30,-0.05,34.13,5
29.35,1.75,-5.19,11.41,0.16,0.92,0.33,34.16,2
29.40,-6.10,-4.87,6.54,-0.55,1.37,0.62,34.13,8
29.45,-7.45,-6.46,5.09,-0.24,1.28,0.60,34.16,7
29.50,-6.75,-5.38,4.82,-0.18,0.57,0.19,34.16,5
29.55,-6.28,-4.99,4.70,0.10,0.11,0.18,34.16,6
29.60,-5.69,-5.11,4.59,0.08,0.13,0.08,34.15,5
29.65,-6.35,-4.92,4.55,-0.01,-0.08,0.12,34.15,5
29.70,-6.15,-4.91,4.63,0.12,-0.20,0.27,34.15,3
29.75,-6.33,-4.74,4.68,-0.02,-0.19,0.15,34.16,4
29.80,-6.10,-4.82,4.69,0.17,-0.15,0.10,34.15,0
29.85,-6.20,-4.49,4.91,0.33,-0.03,0.09,34.16,5
29.90,-6.20,-4.51,4.85,0.23,0.05,0.17,34.16,6
29.95,-6.33,-4.80,5.19,0.19,0.34,0.32,34.16,0
30.00,-6.82,-4.49,6.26,0.21,1.17,1.06,34.17,7
30.05,-7.50,-3.95,4.10,0.18,2.02,1.38,34.17,8
30.10,-8.31,-2.17,2.55,0.34,2.02,1.62,34.16,17
30.15,-8.86,-0.69,0.83,0.42,2.07,1.58,34.17,37
30.20,-9.74,0.43,-0.39,0.11,2.02,1.20,34.16,0
30.25,-8.97,1.25,-2.06,0.05,1.85,0.82,34.16,7
30.30,-8.72,1.62,-3.42,0.13,1.62,0.65,34.17,13
30.35,-8.52,2.14,-4.13,0.19,1.48,0.46,34.15,0
30.40,-8.59,2.26,-5.22,0.14,1.43,0.22,34.18,0
30.45,-7.92,2.11,-6.66,0.05,1.07,0.09,34.14,29
30.50,-7.33,2.44,-7.37,0.02,0.60,0.04,34.16,0
30.55,-7.14,2.59,-7.24,0.08,0.27,-0.03,34.18,0
30.60,-7.50,2.27,-7.16,-0.23,0.15,-0.16,34.17,0
30.65,-7.21,2.80,-6.76,-0.37,0.34,-0.06,34.17,25
30.70,-6.82,2.76,-7.39,0.71,0.30,0.08,34.15,19
30.75,-6.90,2.01,-8.32,0.29,0.15,0.05,34.18,10
30.80,-6.85,2.59,-7.45,-0.07,0.02,0.03,34.16,26
30.85,-6.85,2.93,-7.52,0.42,0.02,0.02,34.17,0
30.90,-6.87,2.26,-7.34,0.13,0.03,-0.12,34.14,0
30.95,-6.96,2.23,-7.52,0.13,-0.01,-0.08,34.16,0
31.00,-7.00,2.13,-7.35,0.03,-0.04,-0.10,34.16,8
31.05,-7.30,2.67,-7.68,0.14,-0.03,-0.07,34.16,0
31.10,-9.67,1.89,-7.27,-0.04,-0.03,-0.09,34.18,3
31.15,-14.97,-1.76,-1.65,1.75,-2.74,-1.91,34.16,3
31.20,-8.19,-3.21,3.81,-0.21,-2.99,-1.59,34.17,7
31.25,-7.63,-3.91,4.37,0.26,-4.37,-1.88,34.17,7
31.30,-9.93,-5.20,3.25,0.57,-4.19,-2.45,34.17,4
31.35,-10.87,-4.86,2.96,0.56,-3.50,-1.98,34.15,3
31.40,-10.10,-5.32,3.61,0.72,-2.94,-2.35,34.16,10
31.45,-10.41,-4.12,3.22,0.41,-2.42,-1.62,34.19,2
31.50,-10.15,-3.14,0.21,-0.38,-1.35,-0.46,34.17,6
31.55,-8.09,-3.46,-0.41,0.33,1.21,-0.19,34.18,8
31.60,-3.30,-2.92,8.17,0.98,2.25,0.56,34.16,3
31.65,-6.39,-7.42,5.12,-0.76,1.23,0.52,34.18,0
31.70,-6.64,-5.38,5.44,-0.02,0.87,0.42,34.18,5
31.75,-6.12,-5.39,4.80,-0.08,0.68,0.33,34.18,3
31.80,-6.80,-4.71,4.85,0.12,0.08,0.37,34.18,7
31.85,-6.24,-4.83,4.71,0.16,0.01,0.28,34.17,8
31.90,-6.36,-4.39,4.84,0.22,-0.00,0.19,34.18,5
31.95,-6.19,-4.55,4.69,0.18,-0.03,0.09,34.18,1
32.00,-6.36,-4.52,4.79,0.09,-0.09,0.08,34.17,4
32.05,-6.41,-4.25,4.90,0.11,-0.08,0.08,34.17,2
32.10,-6.34,-4.23,4.90,0.19,0.03,0.08,34.19,5
32.15,-6.09,-4.36,4.95,0.11,-0.04,0.12,34.18,7
32.20,-6.28,-4.56,5.20,0.05,0.19,0.34,34.18,16
32.25,-7.18,-4.44,5.84,0.05,1.15,1.26,34.19,5
32.30,-7.46,-2.95,4.00,0.19,1.82,1.24,34.18,0
32.35,-8.28,-2.63,2.68,0.23,1.90,1.21,34.18,5
32.40,-8.89,-1.37,1.42,0.26,2.06,1.13,34.18,9
32.45,-9.61,-1.11,-0.36,0.23,1.88,1.23,34.19,17
32.50,-9.72,0.61,-1.29,0.11,1.70,1.08,34.19,0
32.55,-8.78,1.70,-1.85,0.34,2.04,0.59,34.20,2
32.60,-8.75,1.17,-4.90,0.11,2.30,0.38,34.19,25
32.65,-8.10,1.38,-6.74,-0.47,1.37,0.19,34.19,10
32.70,-7.24,1.92,-6.98,-0.20,0.55,0.18,34.19,2
32.75,-7.35,2.39,-6.97,0.08,0.22,0.28,34.17,33
32.80,-7.32,2.48,-6.62,0.05,0.19,0.13,34.19,6
32.85,-7.11,2.79,-6.68,0.32,0.14,0.08,34.18,27
32.90,-7.31,2.43,-6.90,0.11,0.16,0.03,34.19,16
32.95,-7.76,2.08,-6.90,0.39,0.13,0.06,34.18,14
33.00,-7.30,1.92,-6.72,-0.24,-0.03,-0.04,34.19,8
33.05,-7.66,3.23,-6.96,0.23,0.04,0.08,34.19,0
33.10,-7.25,2.88,-7.63,0.36,0.05,0.02,34.18,0
33.15,-7.69,1.75,-7.24,0.43,-0.18,-0.10,34.16,26
33.20,-7.50,2.18,-6.84,-0.12,-0.01,0.04,34.17,7
33.25,-7.49,2.71,-6.72,0.25,-0.01,0.04,34.17,0
33.30,-7.62,1.99,-7.23,0.41,0.04,0.03,34.17,6
33.35,-7.71,1.61,-6.83,-0.02,-0.02,-0.13,34.18,0
33.40,-8.12,2.14,-7.29,-0.01,-0.39,-0.22,34.17,3
33.45,-10.68,-0.34,-4.12,0.68,-2.74,-1.64,34.17,1
33.50,-10.72,-0.81,-1.28,0.45,-1.17,-1.19,34.17,6
33.55,-7.89,-3.11,1.97,0.49,-1.97,-1.13,34.17,7
33.60,-6.40,-4.12,2.56,0.80,-2.87,-1.33,34.18,7
33.65,-6.72,-5.53,3.22,0.88,-2.78,-1.72,34.20,8
33.70,-9.24,-5.43,3.53,0.56,-2.74,-2.04,34.19,5
33.75,-10.87,-5.00,2.80,0.96,-1.85,-2.17,34.20,8
33.80,-9.75,-4.22,1.83,2.17,-0.98,-1.81,34.18,1
33.85,-8.66,-4.82,1.12,2.77,0.48,-1.48,34.19,5
33.90,-7.58,-1.63,2.43,1.06,1.08,-1.59,34.20,8
33.95,-6.84,-3.42,3.04,1.57,1.09,-1.08,34.19,3
34.00,-6.86,0.06,7.11,0.85,0.15,-1.18,34.19,0
34.05,-7.51,-3.96,5.34,-0.43,1.25,-1.31,34.18,7
34.10,-6.78,-4.02,5.06,-0.21,0.21,0.08,34.20,1
34.15,-6.40,-4.38,4.97,-0.18,-0.01,-0.29,34.19,8
34.20,-6.34,-4.50,5.08,0.00,-0.09,-0.34,34.19,2
34.25,-5.99,-4.42,5.11,0.09,-0.09,-0.16,34.19,5
34.30,-6.01,-4.47,5.17,0.11,0.00,-0.10,34.20,4
34.35,-5.88,-4.55,5.14,0.09,-0.04,0.02,34.20,4
34.40,-5.98,-4.50,5.08,0.14,-0.07,0.11,34.18,6
34.45,-6.09,-4.42,5.08,0.08,0.02,-0.02,34.20,3
34.50,-6.02,-4.45,5.13,0.08,0.00,-0.02,34.19,3
34.55,-6.01,-4.46,5.14,0.10,-0.01,-0.02,34.21,8
34.60,-5.97,-4.44,5.16,0.10,0.00,-0.02,34.21,2
34.65,-6.06,-4.46,5.04,0.08,0.04,-0.01,34.20,7
34.70,-6.06,-4.46,5.04,0.09,0.00,-0.02,34.21,4
34.75,-6.09,-4.41,5.11,0.09,-0.01,-0.01,34.21,1
34.80,-6.08,-4.50,5.03,0.09,-0.00,-0.02,34.20,2
34.85,-6.09,-4.36,5.12,0.10,-0.02,-0.02,34.22,0
34.90,-6.06,-4.45,5.04,0.11,-0.02,-0.03,34.23,8
34.95,-6.01,-4.38,5.08,0.12,-0.03,-0.01,34.23,11
35.00,-6.06,-4.41,5.10,0.10,-0.01,-0.00,34.21,6
35.05,-6.04,-4.39,5.12,0.10,-0.01,0.00,34.20,6
35.10,-6.06,-4.38,5.08,0.10,-0.01,0.00,34.21,4
35.15,-6.11,-4.32,5.13,0.10,-0.02,-0.00,34.22,7
35.20,-6.11,-4.34,5.09,0.10,-0.02,-0.01,34.21,3
35.25,-6.07,-4.35,5.11,0.10,-0.03,-0.01,34.20,5
35.30,-6.07,-4.39,5.08,0.10,-0.03,-0.01,34.23,5
35.35,-6.05,-4.36,5.08,0.09,-0.02,-0.02,34.22,9
35.40,-6.11,-4.35,5.11,0.09,-0.02,-0.01,34.21,2
35.45,-6.10,-4.33,5.09,0.09,-0.01,-0.01,34.22,7
35.50,-6.10,-4.33,5.10,0.09,-0.02,-0.01,34.22,3
35.55,-6.10,-4.33,5.05,0.09,-0.01,-0.02,34.22,2
35.60,-6.06,-4.35,5.11,0.09,-0.02,-0.02,34.23,2
35.65,-6.10,-4.30,5.08,0.09,-0.02,-0.02,34.22,3
35.70,-6.11,-4.32,5.09,0.10,-0.02,-0.02,34.21,4
35.75,-6.11,-4.34,5.06,0.10,-0.02,-0.02,34.22,6
35.80,-6.10,-4.30,5.15,0.10,-0.02,-0.01,34.21,3
35.85,-6.11,-4.32,5.09,0.10,-0.02,-0.02,34.22,0
35.90,-6.10,-4.34,5.12,0.10,-0.02,-0.02,34.22,0
35.95,-6.07,-4.33,5.11,0.11,-0.03,-0.01,34.22,4
36.00,-6.09,-4.31,5.10,0.11,-0.03,0.01,34.24,4
36.05,-6.09,-4.29,5.13,0.11,-0.03,0.00,34.22,1
36.10,-6.11,-4.29,5.12,0.12,-0.03,0.01,34.23,4
36.15,-6.12,-4.18,5.15,0.12,-0.03,0.01,34.23,5
36.20,-6.10,-4.19,5.18,0.12,-0.03,0.00,34.22,7
36.25,-6.11,-4.22,5.16,0.09,-0.02,-0.02,34.22,4
36.30,-6.09,-4.20,5.17,0.09,-0.02,-0.02,34.22,3
36.35,-6.10,-4.20,5.17,0.10,-0.02,-0.02,34.23,4
36.40,-6.09,-4.22,5.18,0.10,-0.02,-0.02,34.24,6
36.45,-6.10,-4.20,5.17,0.10,-0.02,-0.02,34.23,5
