0.00,-4.76,-5.42,5.50,0.11,-0.01,-0.01,33.59,2
0.05,-4.79,-5.31,5.59,0.11,-0.02,-0.03,33.63,2
0.10,-4.71,-5.46,5.46,0.08,-0.03,-0.02,33.62,4
0.15,-4.80,-5.36,5.53,0.09,-0.02,-0.03,33.66,2
0.20,-4.70,-5.43,5.49,0.09,-0.03,-0.03,33.66,7
0.25,-4.69,-5.43,5.50,0.09,-0.03,-0.02,33.68,3
0.30,-4.77,-5.51,5.45,0.10,-0.01,-0.02,33.68,3
0.35,-4.73,-5.37,5.52,0.13,-0.01,-0.02,33.70,2
0.40,-4.77,-5.39,5.56,0.11,-0.01,-0.02,33.71,4
0.45,-4.69,-5.34,5.56,0.09,-0.00,-0.01,33.69,4
0.50,-4.88,-5.40,5.56,0.08,-0.03,-0.03,33.72,3
0.55,-4.72,-5.32,5.55,0.07,-0.05,-0.05,33.74,3
0.60,-4.65,-5.48,5.46,0.04,-0.04,-0.02,33.73,2
0.65,-4.67,-5.51,5.45,0.07,-0.02,-0.02,33.76,4
0.70,-4.78,-5.53,5.46,0.10,-0.02,-0.02,33.75,2
0.75,-4.73,-5.37,5.55,0.09,-0.03,-0.03,33.78,1
0.80,-4.68,-5.49,5.47,0.06,-0.04,-0.02,33.75,2
0.85,-4.67,-5.55,5.43,0.10,-0.00,-0.02,33.77,2
0.90,-4.73,-5.45,5.51,0.11,-0.01,-0.03,33.79,3
0.95,-4.69,-5.52,5.44,0.09,-0.02,-0.01,33.77,3
1.00,-4.74,-5.44,5.52,0.10,-0.01,-0.02,33.79,1
1.05,-4.73,-5.48,5.52,0.08,-0.02,-0.02,33.80,4
1.10,-4.69,-5.49,5.50,0.07,-0.03,-0.02,33.82,4
1.15,-4.69,-5.60,5.43,0.10,-0.02,-0.03,33.83,1
1.20,-4.68,-5.52,5.45,0.11,-0.01,-0.02,33.82,2
1.25,-4.69,-5.47,5.50,0.12,-0.01,-0.02,33.83,1
1.30,-4.68,-5.46,5.48,0.08,-0.02,-0.01,33.81,2
1.35,-4.76,-5.52,5.50,0.10,-0.01,-0.02,33.82,2
1.40,-4.75,-5.44,5.46,0.09,-0.03,-0.02,33.84,3
1.45,-4.68,-5.51,5.45,0.10,-0.02,-0.03,33.84,2
1.50,-4.66,-5.52,5.45,0.11,-0.01,-0.02,33.84,3
1.55,-4.77,-5.49,5.51,0.11,-0.02,-0.02,33.82,0
1.60,-4.71,-5.50,5.49,0.11,-0.02,-0.02,33.86,2
1.65,-4.72,-5.48,5.52,0.11,-0.02,-0.02,33.83,2
1.70,-4.72,-5.45,5.50,0.09,-0.02,-0.02,33.84,1
1.75,-4.68,-5.54,5.46,0.10,-0.01,-0.02,33.84,1
1.80,-4.73,-5.45,5.48,0.11,-0.02,-0.02,33.87,0
1.85,-4.71,-5.45,5.50,0.09,-0.01,-0.02,33.87,1
1.90,-4.72,-5.46,5.49,0.09,-0.01,-0.02,33.87,0
1.95,-4.72,-5.51,5.49,0.09,-0.02,-0.02,33.88,2
2.00,-4.68,-5.43,5.53,0.08,-0.02,-0.02,33.88,4
2.05,-4.73,-5.54,5.44,0.07,-0.02,-0.01,33.88,0
2.10,-4.68,-5.45,5.48,0.10,-0.02,-0.04,33.90,2
2.15,-4.76,-5.54,5.47,0.08,-0.03,-0.03,33.87,1
2.20,-4.67,-5.54,5.42,0.10,-0.01,-0.02,33.89,2
2.25,-4.65,-5.50,5.44,0.10,-0.02,-0.01,33.88,3
2.30,-4.72,-5.52,5.43,0.13,-0.01,-0.03,33.89,2
2.35,-4.74,-5.43,5.52,0.10,0.02,0.01,33.87,4
2.40,-4.80,-5.54,5.43,0.13,0.00,-0.02,33.91,2
2.45,-4.80,-5.37,5.54,0.13,-0.00,-0.04,33.90,2
2.50,-4.75,-5.33,5.57,0.06,-0.03,-0.03,33.92,2
2.55,-4.72,-5.58,5.39,0.07,-0.03,-0.02,33.90,2
2.60,-4.71,-5.52,5.43,0.11,-0.03,-0.03,33.91,1
2.65,-4.70,-5.42,5.49,0.13,0.00,-0.02,33.92,2
2.70,-4.78,-5.39,5.52,0.10,-0.01,-0.01,33.92,2
2.75,-4.76,-5.42,5.48,0.08,-0.03,-0.02,33.92,2
2.80,-4.76,-5.49,5.45,0.09,-0.00,-0.02,33.92,2
2.85,-4.74,-5.49,5.43,0.11,-0.01,-0.02,33.93,0
2.90,-4.82,-5.43,5.49,0.12,-0.01,-0.02,33.94,3
2.95,-4.78,-5.40,5.54,0.10,-0.02,-0.02,33.93,3
3.00,-4.74,-5.44,5.48,0.08,-0.02,-0.02,33.92,2
3.05,-4.75,-5.44,5.47,0.09,-0.01,-0.02,33.95,2
3.10,-4.76,-5.44,5.46,0.10,-0.01,-0.02,33.95,2
3.15,-4.83,-5.43,5.50,0.11,-0.02,-0.03,33.96,3
3.20,-4.73,-5.41,5.48,0.10,-0.02,-0.03,33.96,2
3.25,-4.77,-5.45,5.53,0.08,-0.02,-0.03,33.95,1
3.30,-4.74,-5.44,5.47,0.09,-0.03,-0.03,33.96,2
3.35,-4.70,-5.45,5.45,0.09,-0.02,-0.02,33.97,2
3.40,-4.75,-5.49,5.42,0.12,0.01,-0.01,33.94,3
3.45,-4.85,-5.40,5.51,0.11,-0.01,-0.02,33.97,2
3.50,-4.77,-5.42,5.50,0.09,-0.03,-0.02,33.95,2
3.55,-4.72,-5.40,5.47,0.10,-0.02,-0.03,33.96,1
3.60,-4.73,-5.46,5.45,0.11,0.01,-0.01,33.95,1
3.65,-4.78,-5.43,5.45,0.11,0.01,-0.01,33.97,0
3.70,-4.85,-5.43,5.49,0.10,-0.00,-0.01,33.96,1
3.75,-4.82,-5.41,5.48,0.11,-0.02,-0.02,33.97,2
3.80,-4.80,-5.40,5.48,0.11,-0.01,-0.02,33.98,4
3.85,-4.83,-5.42,5.48,0.10,-0.02,-0.02,33.94,1
3.90,-4.78,-5.43,5.46,0.13,-0.01,-0.03,33.97,2
3.95,-4.88,-5.33,5.56,0.11,-0.02,-0.03,33.98,2
4.00,-4.86,-5.34,5.56,0.08,-0.07,-0.06,33.97,1
4.05,-4.69,-5.43,5.46,0.04,-0.07,-0.05,33.99,2
4.10,-4.57,-5.52,5.40,0.09,-0.00,-0.03,33.98,2
4.15,-4.78,-5.43,5.47,0.11,0.03,-0.01,33.99,2
4.20,-4.84,-5.41,5.51,0.10,-0.02,-0.02,33.97,2
4.25,-4.76,-5.51,5.42,0.12,-0.03,-0.03,33.98,1
4.30,-4.67,-5.30,5.55,0.10,-0.04,-0.03,34.00,2
4.35,-4.78,-5.42,5.49,0.09,0.03,-0.01,33.98,0
4.40,-4.93,-5.43,5.54,0.07,-0.04,-0.02,33.99,2
4.45,-4.81,-5.71,5.33,0.19,-0.05,-0.07,34.00,1
4.50,-4.41,-5.20,5.66,0.20,-0.02,-0.10,34.00,2
4.55,-4.68,-5.09,5.74,0.05,0.06,0.05,34.00,2
4.60,-4.87,-5.57,5.39,0.06,0.03,0.03,34.01,2
4.65,-4.91,-5.54,5.42,0.17,-0.01,-0.03,34.02,0
4.70,-4.73,-5.15,5.66,0.15,-0.02,-0.04,33.99,2
4.75,-4.76,-5.25,5.59,0.04,-0.01,-0.00,33.99,0
4.80,-4.92,-5.40,5.47,0.06,-0.01,-0.01,33.99,2
4.85,-4.82,-5.42,5.46,0.13,-0.04,-0.05,34.01,2
4.90,-4.73,-5.24,5.57,0.10,-0.03,-0.03,34.00,2
4.95,-4.77,-5.36,5.51,0.08,-0.02,-0.01,34.01,3
5.00,-4.76,-5.39,5.48,0.10,-0.00,-0.01,34.01,2
5.05,-4.89,-5.32,5.57,0.10,-0.01,-0.02,34.02,2
5.10,-4.81,-5.34,5.53,0.09,-0.03,-0.03,34.01,2
5.15,-4.74,-5.36,5.51,0.10,-0.02,-0.03,34.02,1
5.20,-4.78,-5.39,5.51,0.10,-0.00,-0.01,34.02,2
5.25,-4.84,-5.34,5.52,0.11,-0.01,-0.02,34.02,1
5.30,-4.80,-5.34,5.52,0.09,-0.03,-0.03,34.01,2
5.35,-4.78,-5.39,5.51,0.10,-0.02,-0.02,34.03,1
5.40,-4.79,-5.32,5.54,0.11,-0.01,-0.02,34.03,1
5.45,-4.80,-5.36,5.54,0.09,-0.02,-0.02,34.05,2
5.50,-4.75,-5.36,5.49,0.09,-0.02,-0.02,34.03,1
5.55,-4.78,-5.40,5.47,0.10,-0.01,-0.02,34.04,2
5.60,-4.82,-5.32,5.53,0.10,-0.02,-0.02,34.03,3
5.65,-4.78,-5.36,5.51,0.10,-0.02,-0.02,34.03,3
5.70,-4.79,-5.36,5.51,0.10,-0.01,-0.02,34.03,0
5.75,-4.81,-5.35,5.49,0.09,-0.02,-0.02,34.04,2
5.80,-4.80,-5.36,5.52,0.10,-0.02,-0.02,34.05,2
5.85,-4.78,-5.33,5.52,0.10,-0.01,-0.02,34.04,1
5.90,-4.78,-5.36,5.52,0.10,-0.02,-0.02,34.04,2
5.95,-4.80,-5.35,5.54,0.09,-0.02,-0.02,34.06,1
6.00,-4.80,-5.36,5.52,0.10,-0.01,-0.02,34.05,1
6.05,-4.81,-5.35,5.50,0.10,-0.02,-0.02,34.03,2
6.10,-4.77,-5.38,5.51,0.10,-0.02,-0.02,34.06,0
6.15,-4.78,-5.34,5.51,0.10,-0.02,-0.02,34.04,0
6.20,-4.80,-5.37,5.53,0.10,-0.02,-0.02,34.04,2
6.25,-4.77,-5.37,5.55,0.10,-0.02,-0.02,34.05,2
6.30,-4.79,-5.32,5.53,0.10,-0.02,-0.02,34.06,2
6.35,-4.79,-5.37,5.49,0.10,-0.02,-0.02,34.06,0
6.40,-4.80,-5.36,5.54,0.11,-0.01,-0.02,34.05,2
6.45,-4.80,-5.31,5.55,0.09,-0.02,-0.02,34.04,0
6.50,-4.85,-5.38,5.50,0.09,-0.02,-0.02,34.06,1
6.55,-4.72,-5.36,5.48,0.10,-0.03,-0.03,34.04,4
6.60,-4.78,-5.35,5.54,0.09,-0.02,-0.03,34.08,0
6.65,-4.81,-5.40,5.52,0.09,-0.03,-0.02,34.07,1
6.70,-4.71,-5.39,5.52,0.11,-0.02,-0.02,34.07,2
6.75,-4.80,-5.33,5.51,0.11,-0.01,-0.02,34.06,1
6.80,-4.80,-5.36,5.54,0.09,-0.02,-0.02,34.06,1
6.85,-4.77,-5.39,5.49,0.09,-0.02,-0.02,34.06,3
6.90,-4.75,-5.40,5.52,0.10,-0.01,-0.02,34.06,1
6.95,-4.83,-5.39,5.48,0.11,-0.01,-0.02,34.08,0
7.00,-4.80,-5.36,5.53,0.10,-0.03,-0.03,34.07,2
7.05,-4.77,-5.29,5.54,0.08,-0.02,-0.02,34.09,1
7.10,-4.75,-5.38,5.47,0.07,-0.03,-0.02,34.07,1
7.15,-4.80,-5.46,5.43,0.10,-0.01,-0.03,34.07,0
7.20,-4.75,-5.34,5.53,0.11,-0.01,-0.02,34.07,1
7.25,-4.78,-5.34,5.54,0.09,-0.02,-0.02,34.08,1
7.30,-4.80,-5.41,5.52,0.09,-0.03,-0.03,34.06,1
7.35,-4.70,-5.39,5.47,0.10,-0.02,-0.02,34.07,3
7.40,-4.78,-5.35,5.50,0.11,-0.00,-0.02,34.09,1
7.45,-4.80,-5.36,5.51,0.10,-0.02,-0.02,34.10,2
7.50,-4.78,-5.37,5.52,0.09,-0.02,-0.02,34.09,2
7.55,-4.78,-5.40,5.50,0.10,-0.01,-0.02,34.09,2
7.60,-4.80,-5.36,5.51,0.11,-0.01,-0.02,34.09,2
7.65,-4.80,-5.36,5.51,0.10,-0.01,-0.02,34.10,2
7.70,-4.77,-5.36,5.52,0.09,-0.02,-0.02,34.10,1
7.75,-4.82,-5.38,5.57,0.09,-0.01,-0.02,34.11,1
7.80,-4.82,-5.40,5.50,0.10,-0.02,-0.03,34.11,0
7.85,-4.74,-5.38,5.49,0.10,-0.03,-0.02,34.12,3
7.90,-4.75,-5.37,5.51,0.11,-0.00,-0.02,34.12,1
7.95,-4.87,-5.31,5.55,0.09,-0.02,-0.03,34.10,1
8.00,-4.75,-5.39,5.49,0.08,-0.02,-0.02,34.09,2
8.05,-4.80,-5.42,5.46,0.09,-0.02,-0.02,34.11,3
8.10,-4.75,-5.40,5.48,0.13,-0.03,-0.04,34.11,2
8.15,-4.73,-5.27,5.58,0.09,-0.02,-0.02,34.10,4
8.20,-4.77,-5.42,5.48,0.08,-0.01,-0.01,34.10,1
8.25,-4.83,-5.44,5.47,0.10,-0.02,-0.02,34.11,2
8.30,-4.73,-5.36,5.51,0.11,-0.02,-0.03,34.10,1
8.35,-4.78,-5.34,5.54,0.11,-0.01,-0.02,34.09,2
8.40,-4.83,-5.36,5.53,0.10,-0.02,-0.02,34.12,1
8.45,-4.75,-5.36,5.50,0.09,-0.02,-0.02,34.11,0
8.50,-4.76,-5.39,5.49,0.09,-0.01,-0.02,34.14,2
8.55,-4.82,-5.38,5.51,0.10,-0.02,-0.02,34.12,2
8.60,-4.76,-5.36,5.53,0.09,-0.02,-0.01,34.13,0
8.65,-4.85,-5.34,5.52,0.09,-0.01,-0.02,34.11,0
8.70,-4.73,-5.36,5.51,0.07,-0.03,-0.02,34.12,3
8.75,-4.75,-5.43,5.44,0.08,-0.02,-0.01,34.11,5
8.80,-4.85,-5.35,5.48,0.11,0.01,-0.01,34.12,4
8.85,-4.83,-5.40,5.48,0.10,-0.01,-0.01,34.12,4
8.90,-4.81,-5.37,5.48,0.12,-0.00,-0.02,34.14,2
8.95,-4.89,-5.25,5.61,0.09,-0.03,-0.03,34.12,3
9.00,-4.77,-5.40,5.47,0.06,-0.05,-0.02,34.13,1
9.05,-4.67,-5.44,5.42,0.08,-0.02,-0.00,34.13,1
9.10,-4.86,-5.41,5.46,0.11,0.01,-0.01,34.14,2
9.15,-4.78,-5.37,5.46,0.10,0.01,-0.01,34.14,2
9.20,-4.79,-5.36,5.45,0.10,-0.00,-0.00,34.14,3
9.25,-4.91,-5.43,5.43,0.12,-0.00,-0.01,34.14,2
9.30,-4.85,-5.33,5.50,0.14,-0.01,-0.03,34.14,2
9.35,-4.92,-5.32,5.53,0.09,-0.03,-0.03,34.13,3
9.40,-4.90,-5.34,5.49,0.09,-0.05,-0.05,34.14,3
9.45,-4.78,-5.33,5.54,0.07,-0.07,-0.06,34.14,2
9.50,-4.75,-5.29,5.58,0.04,-0.02,-0.05,34.15,1
9.55,-4.81,-5.41,5.51,0.02,-0.08,-0.04,34.16,2
9.60,-4.72,-5.55,5.42,0.04,-0.10,-0.06,34.15,0
9.65,-4.90,-4.89,4.84,0.02,-0.10,-0.06,34.14,2
9.70,-4.62,-6.30,6.05,0.10,0.04,0.03,34.16,2
9.75,-4.41,-5.38,5.47,0.03,-0.12,-0.06,34.15,4
9.80,-4.57,-5.81,5.32,0.10,-0.08,-0.06,34.15,1
9.85,-4.72,-5.64,5.48,0.17,-0.02,-0.10,34.16,1
9.90,-4.62,-5.77,5.48,0.21,-0.09,-0.16,34.14,0
9.95,-4.88,-4.79,5.04,0.50,0.12,-0.12,34.16,1
10.00,-4.80,-5.11,5.81,0.30,0.27,0.11,34.15,3
10.05,-4.30,-5.38,6.34,0.13,0.07,0.11,34.15,4
10.10,-4.54,-5.25,5.71,0.18,0.01,0.03,34.15,0
10.15,-4.79,-5.20,5.49,0.24,0.05,0.03,34.17,0
10.20,-5.10,-5.25,5.75,0.17,0.01,-0.01,34.15,2
10.25,-4.94,-5.25,5.68,0.12,0.05,0.00,34.18,0
10.30,-4.80,-5.03,5.57,0.10,0.03,0.00,34.16,0
10.35,-5.20,-5.02,5.47,0.13,-0.02,-0.04,34.17,2
10.40,-5.00,-5.18,5.70,0.13,0.08,-0.01,34.16,1
10.45,-5.12,-4.86,5.61,0.07,0.05,0.00,34.16,4
10.50,-5.43,-5.00,5.45,0.12,0.07,0.02,34.15,2
10.55,-6.22,-5.67,5.28,0.34,0.37,0.03,34.16,1
10.60,-5.59,-4.88,5.96,0.09,0.44,0.04,34.17,1
10.65,-5.76,-4.62,5.70,-0.12,0.05,0.11,34.18,1
10.70,-6.00,-4.62,4.70,-0.16,0.12,0.15,34.16,2
10.75,-5.93,-4.73,4.25,-0.20,0.23,0.26,34.17,1
10.80,-6.91,-4.09,3.55,-0.45,0.18,0.32,34.16,2
10.85,-6.47,-5.38,3.59,-0.32,0.70,0.45,34.16,3
10.90,-7.02,-4.47,2.89,-0.14,0.85,0.44,34.19,1
10.95,-7.53,-4.58,1.71,0.18,1.09,0.55,34.19,0
11.00,-7.07,-4.98,1.93,0.33,1.63,0.47,34.17,1
11.05,-4.72,-6.86,0.90,0.40,0.72,0.36,34.17,1
11.10,-5.32,-0.72,3.71,1.78,-0.07,-0.40,34.18,2
11.15,-7.89,-3.40,3.57,1.29,0.06,-0.49,34.17,2
11.20,-8.64,-4.64,1.38,0.65,0.47,-0.39,34.18,2
11.25,-8.24,-5.34,-0.65,1.02,1.22,-0.76,34.18,3
11.30,-6.99,-4.36,1.44,-0.36,1.20,-0.28,34.15,0
11.35,-7.70,-5.04,3.30,-0.35,0.46,-0.22,34.19,0
11.40,-7.24,-5.54,2.61,-0.13,0.03,-0.32,34.18,2
11.45,-8.75,-4.39,1.30,0.23,0.05,-0.50,34.18,1
11.50,-9.41,-4.03,0.28,0.66,-0.16,-0.33,34.19,2
11.55,-9.38,-3.21,-0.14,0.54,-0.35,-0.03,34.19,0
11.60,-8.50,-3.83,-0.58,0.21,-0.38,0.21,34.19,2
11.65,-8.37,-4.40,0.62,0.50,-0.36,-0.16,34.17,2
11.70,-7.71,-5.20,1.34,0.31,-0.55,-0.08,34.18,1
11.75,-7.66,-4.71,1.98,0.25,-0.81,0.18,34.17,6
11.80,-7.92,-4.16,3.40,0.46,-0.55,0.21,34.19,3
11.85,-7.90,-4.09,3.17,0.24,-0.15,0.08,34.19,2
11.90,-7.32,-4.55,2.04,0.19,-0.38,0.16,34.19,2
11.95,-7.34,-3.89,2.65,-0.16,-1.13,0.15,34.19,3
12.00,-7.35,-3.78,5.00,-0.15,-1.33,0.13,34.19,1
12.05,-6.39,-4.97,4.86,0.17,-0.44,-0.34,34.17,1
12.10,-6.92,-3.29,4.43,0.24,-0.66,-0.38,34.21,2
12.15,-6.35,-4.27,4.64,0.14,-0.08,-0.03,34.21,0
12.20,-6.32,-4.23,5.01,0.14,-0.08,0.00,34.19,0
12.25,-6.33,-4.22,4.96,0.10,-0.04,-0.02,34.20,1
12.30,-6.27,-4.30,4.95,0.12,-0.05,-0.00,34.21,0
12.35,-6.28,-4.20,5.01,0.11,-0.04,-0.01,34.20,2
12.40,-6.32,-4.13,4.96,0.10,-0.02,-0.04,34.22,1
12.45,-6.31,-4.13,4.97,0.10,-0.06,-0.03,34.21,1
12.50,-6.17,-4.23,4.91,0.13,-0.10,-0.02,34.20,0
12.55,-6.00,-4.30,5.10,0.05,-0.17,0.13,34.21,7
12.60,-6.32,-4.04,5.09,-0.09,-0.07,0.04,34.21,3
12.65,-6.21,-4.20,5.16,0.04,-0.13,-0.02,34.21,0
12.70,-6.10,-4.42,5.11,0.06,-0.02,-0.08,34.20,0
12.75,-6.18,-4.20,5.19,0.27,-0.04,-0.06,34.21,5
12.80,-6.07,-4.20,5.17,0.18,-0.02,-0.07,34.22,1
12.85,-6.10,-4.22,5.15,0.19,0.01,-0.10,34.20,3
12.90,-6.05,-4.17,5.29,0.14,0.02,-0.08,34.20,3
12.95,-6.06,-4.20,5.21,0.11,0.00,-0.03,34.21,4
13.00,-6.06,-4.16,5.22,0.10,-0.01,-0.02,34.23,2
13.05,-6.06,-4.24,5.15,0.08,-0.00,-0.03,34.21,0
13.10,-6.08,-4.19,5.20,0.10,-0.01,-0.04,34.22,1
13.15,-6.10,-4.20,5.17,0.10,-0.00,-0.05,34.20,4
13.20,-6.05,-4.25,5.18,0.10,-0.01,-0.03,34.23,2
13.25,-6.05,-4.24,5.19,0.10,-0.01,-0.03,34.23,0
13.30,-6.07,-4.21,5.20,0.10,-0.01,-0.03,34.22,5
13.35,-6.09,-4.26,5.19,0.09,-0.01,-0.03,34.21,1
13.40,-6.08,-4.23,5.18,0.10,-0.02,-0.02,34.23,5
13.45,-6.07,-4.21,5.17,0.10,-0.02,-0.01,34.22,7
13.50,-6.09,-4.22,5.19,0.10,-0.02,-0.02,34.21,0
13.55,-6.06,-4.24,5.20,0.10,-0.02,-0.02,34.23,0
13.60,-6.07,-4.22,5.20,0.09,-0.01,-0.02,34.22,0
13.65,-6.07,-4.24,5.19,0.10,-0.02,-0.01,34.22,2
13.70,-6.09,-4.19,5.17,0.10,-0.02,-0.01,34.25,3
13.75,-6.07,-4.23,5.21,0.09,-0.02,-0.02,34.22,4
13.80,-6.08,-4.23,5.18,0.09,-0.01,-0.01,34.20,2
13.85,-6.08,-4.21,5.18,0.10,-0.02,-0.01,34.22,2
13.90,-6.08,-4.20,5.20,0.10,-0.02,-0.02,34.24,8
13.95,-6.10,-4.20,5.19,0.10,-0.02,-0.02,34.22,6
14.00,-6.08,-4.23,5.17,0.09,-0.01,-0.03,34.23,3
14.05,-6.10,-4.21,5.18,0.09,-0.02,-0.02,34.23,1
14.10,-6.09,-4.22,5.21,0.09,-0.01,-0.03,34.22,4
14.15,-6.05,-4.25,5.18,0.10,-0.02,-0.02,34.26,4
14.20,-6.08,-4.21,5.19,0.11,-0.03,-0.01,34.22,6
14.25,-6.09,-4.21,5.20,0.10,-0.02,-0.02,34.23,3
14.30,-6.07,-4.20,5.20,0.10,-0.02,-0.02,34.23,5
14.35,-6.09,-4.20,5.20,0.09,-0.01,-0.03,34.23,2
14.40,-6.07,-4.21,5.19,0.09,-0.01,-0.02,34.22,1
14.45,-6.08,-4.24,5.19,0.09,-0.01,-0.02,34.25,0
14.50,-6.09,-4.20,5.20,0.09,-0.01,-0.02,34.25,2
14.55,-6.11,-4.22,5.18,0.09,-0.00,-0.03,34.23,3
14.60,-6.09,-4.22,5.19,0.09,-0.01,-0.02,34.27,3
14.65,-6.07,-4.27,5.15,0.09,-0.02,-0.02,34.25,0
14.70,-6.07,-4.23,5.13,0.11,-0.03,-0.01,34.25,3
14.75,-6.07,-4.19,5.20,0.11,-0.03,-0.01,34.25,0
14.80,-6.07,-4.22,5.20,0.10,-0.02,-0.01,34.26,6
14.85,-6.08,-4.20,5.19,0.10,-0.02,-0.02,34.23,0
14.90,-6.06,-4.20,5.21,0.09,-0.01,-0.02,34.25,3
14.95,-6.09,-4.21,5.20,0.08,-0.01,-0.03,34.24,0
15.00,-6.08,-4.24,5.19,0.10,-0.03,-0.02,34.25,0
15.05,-6.05,-4.24,5.19,0.10,-0.02,-0.02,34.24,0
15.10,-6.09,-4.20,5.19,0.11,-0.02,-0.02,34.28,0
15.15,-6.08,-4.18,5.20,0.10,-0.02,-0.03,34.25,2
15.20,-6.07,-4.22,5.16,0.11,-0.04,-0.02,34.25,2
15.25,-5.98,-4.25,5.18,0.10,-0.02,-0.02,34.26,2
15.30,-6.06,-4.22,5.22,0.10,-0.01,0.01,34.27,0
15.35,-6.07,-4.18,5.21,0.12,-0.03,0.03,34.28,4
15.40,-6.10,-4.09,5.20,0.15,-0.03,0.06,34.26,0
15.45,-6.09,-4.11,5.21,0.09,-0.06,0.06,34.26,1
15.50,-6.08,-4.03,5.25,0.16,-0.03,0.02,34.27,2
15.55,-6.13,-3.95,5.31,0.15,-0.02,0.03,34.28,0
15.60,-6.16,-3.94,5.29,0.15,-0.03,0.05,34.28,4
15.65,-6.11,-3.95,5.31,0.14,-0.04,0.05,34.28,0
15.70,-6.17,-3.81,5.37,0.14,-0.04,0.08,34.28,4
15.75,-6.16,-3.99,5.29,0.20,-0.03,0.15,34.28,0
15.80,-6.21,-3.85,5.53,0.31,0.06,0.32,34.27,0
15.85,-6.82,-3.72,6.56,0.86,0.51,1.04,34.27,2
15.90,-7.80,-4.44,6.25,0.82,1.45,2.19,34.26,0
15.95,-8.61,-8.30,1.98,2.93,1.61,-0.42,34.28,1
16.00,-6.40,-3.27,4.43,3.26,2.23,-3.36,34.30,1
16.05,-5.45,-3.63,4.57,2.49,-0.20,-1.47,34.28,4
16.10,-6.28,-6.37,3.02,3.06,-0.54,-2.37,34.29,1
16.15,-7.60,-7.32,2.43,3.63,-0.06,-3.37,34.29,1
16.20,-8.81,-8.38,0.49,4.23,0.61,-4.19,34.30,7
16.25,-10.92,-8.35,-1.76,4.14,1.48,-4.30,34.28,2
16.30,-13.03,-6.98,-8.38,1.74,2.73,-1.56,34.29,3
16.35,-6.68,-3.81,5.20,0.23,-0.24,-0.18,34.29,2
16.40,-6.31,-4.96,4.88,0.02,0.03,-0.27,34.27,2
16.45,-5.98,-4.43,5.01,0.14,-0.23,-0.00,34.29,1
16.50,-6.07,-4.34,5.12,0.22,-0.26,0.16,34.31,2
16.55,-6.05,-4.17,5.23,0.17,-0.14,0.10,34.29,0
16.60,-5.96,-4.07,5.31,0.22,-0.10,0.04,34.30,4
16.65,-5.93,-4.00,5.46,0.27,-0.04,-0.03,34.29,5
16.70,-5.96,-4.02,5.40,0.26,0.04,0.02,34.29,5
16.75,-5.91,-3.98,5.44,0.27,0.04,0.18,34.29,4
16.80,-6.06,-4.21,6.03,0.33,0.35,0.49,34.29,2
16.85,-7.36,-7.19,9.48,0.92,2.25,2.33,34.31,0
16.90,-10.18,-7.75,7.14,3.39,3.47,4.37,34.31,0
16.95,-3.37,-4.36,5.56,4.02,3.00,-3.29,34.29,0
17.00,-3.47,-4.02,5.99,1.53,-1.46,-1.79,34.30,2
17.05,-8.05,-8.40,3.55,2.18,-3.10,-2.49,34.32,4
17.10,-11.34,-9.64,1.56,3.22,-1.99,-4.37,34.31,2
17.15,-12.55,-9.02,-0.19,3.55,-1.23,-4.16,34.31,2
17.20,-11.60,-5.64,-1.72,2.67,0.34,-4.11,34.29,2
17.25,-12.87,-3.63,-4.51,0.53,0.72,-1.52,34.30,1
17.30,-8.28,-6.73,7.78,-0.84,3.08,0.17,34.29,3
17.35,-7.12,-5.50,4.79,-0.27,0.73,0.41,34.31,3
17.40,-6.39,-4.28,5.19,0.26,0.38,0.47,34.29,4
17.45,-6.72,-3.99,5.02,0.10,0.01,0.39,34.30,5
17.50,-6.78,-4.11,4.91,0.13,0.12,0.03,34.32,3
17.55,-6.61,-3.84,4.95,0.33,-0.12,0.22,34.30,4
17.60,-6.39,-3.90,4.92,0.30,-0.15,0.04,34.31,8
17.65,-6.53,-3.64,5.26,0.28,0.17,0.04,34.32,1
17.70,-6.73,-3.93,5.27,0.48,0.25,0.61,34.30,1
17.75,-7.44,-4.05,5.21,-0.12,0.69,1.61,34.32,0
17.80,-8.08,-4.13,4.99,0.11,1.19,2.81,34.32,1
17.85,-10.10,-7.14,8.17,-0.71,2.56,4.37,34.31,4
17.90,-17.65,-16.63,1.59,4.18,3.21,-0.17,34.30,1
17.95,-4.78,2.20,4.74,1.30,0.49,-2.26,34.31,4
18.00,-4.47,1.13,6.69,-0.20,-1.83,-2.96,34.33,6
18.05,-6.57,0.87,9.62,-0.85,-2.99,-2.88,34.33,3
18.10,-12.65,2.64,9.26,-0.88,-4.04,-1.68,34.32,2
18.15,-16.51,1.81,3.30,-1.85,-3.72,-0.04,34.32,3
18.20,-19.19,3.66,-7.47,-1.46,-1.31,0.82,34.34,0
18.25,-1.17,-15.10,1.36,2.13,1.08,1.55,34.29,8
18.30,-8.60,-3.32,6.79,-0.08,0.49,0.27,34.33,0
18.35,-7.27,-4.76,4.41,-0.24,0.57,-0.17,34.34,25
18.40,-6.88,-5.32,6.58,-0.17,1.20,0.83,34.31,31
18.45,-7.62,-6.04,7.10,-0.52,3.70,2.17,34.31,35
18.50,-10.47,-2.68,3.42,-1.54,4.37,2.34,34.32,0
18.55,-10.74,-1.48,4.21,-0.85,4.37,1.16,34.31,3
18.60,-20.90,-9.52,4.25,-1.61,1.55,0.64,34.33,12
18.65,-10.06,-11.21,6.27,0.63,-4.37,-1.50,34.33,7
18.70,-7.48,-8.47,3.79,0.90,-4.37,-3.38,34.32,0
18.75,-22.06,-5.60,4.85,-0.75,-4.37,-4.37,34.33,1
18.80,-38.14,5.39,-23.05,0.40,-3.00,-3.68,34.34,5
18.85,-24.88,-0.98,21.54,-0.10,4.37,3.28,34.32,0
18.90,-9.26,-4.04,5.26,0.59,0.61,0.85,34.35,22
18.95,-7.56,-4.41,6.12,0.52,0.58,0.37,34.32,0
19.00,-6.38,-6.66,11.27,0.15,4.37,2.59,34.33,3
19.05,-12.05,-2.35,7.48,1.12,4.37,3.19,34.34,0
19.10,-15.04,-2.52,3.13,-4.09,4.37,3.12,34.33,0
19.15,-16.03,-6.43,6.65,1.71,-0.81,-1.43,34.34,6
19.20,-5.02,-2.95,7.35,-0.69,-4.37,-3.99,34.34,0
19.25,-12.53,-5.22,7.12,-0.25,-4.37,-4.37,34.34,2
19.30,-34.44,4.19,-7.54,-1.08,-4.37,-4.37,34.34,3
19.35,-26.47,10.61,-16.75,-0.52,1.13,-0.43,34.34,12
19.40,-14.21,-16.78,2.36,1.33,3.78,3.45,34.34,44
19.45,-7.98,-4.45,4.07,0.05,0.59,-0.01,34.35,0
19.50,-7.03,-6.87,11.29,-0.32,2.88,1.57,34.35,0
19.55,-12.59,-8.11,6.61,-0.59,4.37,3.83,34.34,2
19.60,-6.69,-5.04,2.91,0.74,4.37,1.72,34.33,3
19.65,-18.03,-6.54,6.23,-2.55,0.84,-0.08,34.32,0
19.70,-14.08,-9.92,6.18,-0.28,-3.98,-2.08,34.34,7
19.75,-10.41,-3.94,5.50,-1.05,-4.37,-4.37,34.35,0
19.80,-22.14,-0.85,7.50,-1.27,-4.37,-4.37,34.32,9
19.85,-45.05,9.12,-17.67,-0.57,-4.37,-1.97,34.36,5
19.90,-5.53,-7.85,12.93,1.37,3.17,2.40,34.34,0
19.95,-11.77,-3.75,7.44,0.38,0.99,0.90,34.34,0
20.00,-8.12,-5.85,6.90,0.07,1.07,0.46,34.34,0
20.05,-6.18,-10.51,13.17,-0.17,4.37,4.37,34.35,0
20.10,-14.91,-9.50,3.80,2.88,4.37,2.15,34.36,25
20.15,-15.57,-4.90,6.31,-4.37,0.34,2.12,34.34,7
20.20,-16.46,-12.56,6.02,-0.32,-0.33,-1.30,34.35,2
20.25,-6.00,-3.84,5.92,-1.71,-4.37,-4.37,34.36,0
20.30,-19.46,-3.17,8.10,0.18,-4.37,-4.37,34.34,5
20.35,-44.43,4.59,-11.85,-0.61,-4.37,-4.17,34.36,0
20.40,-26.45,13.72,-23.49,0.78,4.37,0.38,34.36,17
20.45,-18.80,-6.78,6.68,1.27,1.54,2.12,34.36,0
20.50,-8.71,-5.95,8.02,0.08,1.29,1.12,34.37,0
20.55,-7.22,-10.53,12.94,-0.03,4.37,4.37,34.38,0
20.60,-9.34,-10.69,-1.06,4.37,4.37,1.94,34.37,5
20.65,-16.15,-6.12,8.62,-4.37,1.90,0.97,34.37,0
20.70,-12.44,-13.49,9.71,1.19,-4.37,-0.84,34.38,4
20.75,-7.29,-6.63,5.49,-1.77,-4.37,-3.88,34.34,0
20.80,-23.26,-2.82,11.32,-1.12,-4.37,-4.37,34.36,2
20.85,-48.09,5.64,-17.26,-0.13,-4.37,-4.37,34.37,0
20.90,-23.72,-18.05,18.69,0.39,4.37,2.85,34.37,0
20.95,-15.84,-5.38,6.40,1.07,1.02,2.27,34.36,0
21.00,-8.46,-6.33,9.19,0.16,1.59,1.09,34.38,51
21.05,-7.46,-9.71,12.47,0.37,4.37,4.37,34.38,0
21.10,-10.13,-9.61,3.59,4.15,4.37,1.99,34.39,4
21.15,-14.71,-8.99,4.84,-4.19,-0.53,2.05,34.39,20
21.20,-21.11,-11.15,10.75,0.52,-4.09,-2.07,34.37,0
21.25,-14.30,-6.64,4.65,-2.24,-4.37,-4.37,34.38,9
21.30,-31.56,-2.64,1.98,-1.59,-4.37,-4.37,34.39,13
21.35,-45.67,13.04,-32.76,0.32,-2.64,-2.34,34.37,0
21.40,-26.10,7.95,13.65,-0.76,4.37,4.37,34.38,0
21.45,-9.68,-2.32,5.72,0.31,0.84,0.38,34.39,4
21.50,-7.14,-8.01,15.83,0.43,4.31,2.52,34.37,6
21.55,-14.94,-2.98,8.83,0.56,4.37,4.11,34.39,2
21.60,-20.09,3.28,6.76,2.26,4.37,0.73,34.39,11
21.65,-15.97,-11.67,8.37,-2.98,-0.23,0.98,34.39,0
21.70,-9.08,-7.89,8.42,0.20,-4.37,-1.38,34.40,2
21.75,-10.85,-8.60,4.20,-0.28,-4.37,-4.37,34.39,0
21.80,-33.23,-1.57,3.76,-1.69,-4.37,-4.37,34.39,7
21.85,-42.12,15.78,-31.26,0.09,-1.51,-2.68,34.40,0
21.90,-58.99,4.10,14.42,-0.03,4.37,4.37,34.39,0
21.95,-9.45,-4.01,4.52,-0.05,1.00,0.36,34.40,0
22.00,-7.05,-6.78,14.94,0.39,4.37,2.48,34.39,75
22.05,-14.55,-3.64,7.87,0.77,4.37,4.09,34.41,29
22.10,-23.27,2.05,5.62,1.31,4.37,0.56,34.40,10
22.15,-15.46,-11.49,5.55,-3.39,-0.59,1.99,34.40,2
22.20,-19.58,-12.22,7.80,0.55,-4.37,-2.62,34.41,0
22.25,-14.04,-7.86,4.62,0.30,-4.37,-4.37,34.40,3
22.30,-31.23,0.59,-3.79,-1.39,-4.37,-4.37,34.42,9
22.35,-37.25,11.86,-28.67,0.44,-1.50,-1.56,34.44,4
22.40,-21.04,4.62,8.64,-0.47,4.37,4.37,34.42,0
22.45,-9.05,-3.90,4.56,-0.08,0.98,0.15,34.43,0
22.50,-5.85,-7.76,16.17,0.04,4.37,3.28,34.43,112
22.55,-14.23,-3.04,7.96,1.12,4.37,3.66,34.43,0
22.60,-21.29,5.96,8.78,0.40,4.37,0.32,34.41,0
22.65,-14.27,-13.87,4.35,-2.76,0.33,1.64,34.42,0
22.70,-17.89,-12.92,6.20,0.28,-2.99,-2.51,34.42,0
22.75,-13.60,-5.63,2.84,-0.39,-4.37,-4.37,34.43,7
22.80,-35.42,2.20,-8.47,0.15,-4.37,-4.37,34.42,1
22.85,-33.85,14.13,-30.79,-0.25,-1.48,-0.96,34.42,12
22.90,-46.32,1.02,9.78,0.30,3.40,4.37,34.44,0
22.95,-8.45,-4.84,4.39,-0.04,1.09,0.09,34.42,19
23.00,-5.68,-8.36,16.57,-0.08,4.37,3.11,34.44,13
23.05,-16.03,-3.64,7.73,1.39,4.37,3.37,34.45,0
23.10,-19.45,1.24,9.06,-1.28,4.37,0.16,34.43,25
23.15,-13.51,-11.42,5.02,-3.47,-1.32,1.66,34.45,0
23.20,-16.51,-11.07,6.69,2.32,-4.37,-2.56,34.42,2
23.25,-14.71,-8.84,3.74,0.44,-4.37,-4.37,34.44,1
23.30,-35.42,0.88,-9.66,-0.19,-4.37,-4.37,34.43,0
23.35,-33.74,11.59,-27.85,0.08,0.09,-1.74,34.44,0
23.40,-16.19,-20.28,3.22,0.37,3.43,4.37,34.43,0
23.45,-7.92,-5.04,5.42,0.21,0.95,0.19,34.44,23
23.50,-5.86,-7.78,15.14,0.10,4.37,3.05,34.47,135
23.55,-15.67,-2.85,7.29,1.48,4.37,3.07,34.46,0
23.60,-20.21,-1.28,7.51,-1.04,3.96,0.15,34.45,0
23.65,-14.10,-11.12,4.52,-2.88,-0.71,1.04,34.46,3
23.70,-10.29,-9.51,6.49,0.80,-4.37,-2.41,34.46,10
23.75,-17.36,-8.08,6.97,0.69,-4.37,-4.37,34.45,1
23.80,-33.00,3.48,-8.45,0.03,-4.37,-4.37,34.46,0
23.85,-31.51,14.22,-29.11,0.29,-0.03,-1.85,34.47,30
23.90,-37.07,-11.10,3.49,1.79,3.09,3.97,34.45,0
23.95,-8.03,-5.29,5.44,0.41,0.84,0.33,34.46,0
24.00,-5.83,-8.43,14.09,0.10,4.37,3.44,34.47,12
24.05,-14.27,-2.47,4.75,1.04,4.37,2.95,34.47,0
24.10,-21.40,3.51,7.97,-2.11,4.37,1.00,34.46,0
24.15,-13.62,-14.63,6.04,-0.43,-1.16,0.33,34.48,2
24.20,-9.12,-5.49,7.92,-0.90,-4.37,-3.14,34.48,12
24.25,-13.11,-2.61,6.26,0.78,-4.37,-4.37,34.47,1
24.30,-38.66,7.29,-11.08,-0.52,-4.37,-4.37,34.47,0
24.35,-22.56,11.40,-22.11,0.50,2.59,-2.71,34.47,0
24.40,-16.86,-2.35,5.99,1.08,1.24,1.93,34.45,15
24.45,-8.13,-5.26,6.22,-0.12,1.06,0.32,34.46,0
24.50,-5.46,-7.27,13.63,-0.71,4.37,3.39,34.46,0
24.55,-12.53,-5.16,9.27,0.26,4.37,2.49,34.46,0
24.60,-19.64,-4.21,8.36,-1.41,-0.83,-0.68,34.45,0
24.65,-10.14,-17.28,8.65,0.05,-4.37,2.90,34.48,8
24.70,-6.56,-14.15,2.44,0.23,-4.37,-2.28,34.46,4
24.75,-15.71,-9.88,5.43,1.20,-4.37,-4.37,34.48,5
24.80,-43.40,1.81,-22.64,-0.27,-4.37,-4.37,34.50,3
24.85,-24.01,-8.98,-5.24,-0.94,4.37,0.58,34.50,0
24.90,-11.00,-1.87,6.73,0.82,0.19,1.49,34.49,40
24.95,-8.48,-5.43,11.47,0.56,2.62,1.96,34.50,42
25.00,-7.81,-7.13,11.09,0.53,4.37,4.37,34.51,1
25.05,-10.81,-19.34,-1.68,3.55,4.37,2.29,34.49,4
25.10,-15.05,-5.75,3.41,-4.37,-0.54,1.19,34.48,0
25.15,-16.51,-0.41,5.56,-0.40,-2.09,-2.52,34.51,6
25.20,-8.80,4.02,12.16,-0.56,-4.37,-3.89,34.48,0
25.25,-19.15,4.86,7.39,-3.55,-4.37,-3.78,34.51,0
25.30,-42.95,9.89,-15.61,-0.98,-4.37,-4.37,34.49,3
25.35,-18.97,8.58,-16.12,0.71,2.99,-1.05,34.49,18
25.40,-18.19,1.25,10.29,1.11,1.76,2.02,34.50,0
25.45,-8.26,-5.93,6.35,0.08,0.96,0.82,34.49,0
25.50,-5.04,-8.63,13.90,-0.12,4.37,3.86,34.53,17
25.55,-15.38,-4.42,4.87,2.08,4.37,2.88,34.50,0
25.60,-15.60,-0.35,8.86,-3.66,2.56,-0.64,34.50,7
25.65,-20.93,-15.27,3.79,-1.98,-4.37,0.20,34.51,8
25.70,-7.05,-10.18,7.70,-0.59,-4.37,-1.74,34.52,1
25.75,-14.67,-6.88,7.57,-0.49,-4.37,-4.37,34.52,0
25.80,-37.11,0.88,-8.84,1.82,-4.37,-4.37,34.53,0
25.85,-27.09,9.83,-21.96,1.24,2.27,-1.21,34.53,0
25.90,-22.00,-8.47,-2.14,0.57,0.21,2.50,34.54,0
25.95,-7.30,-4.22,5.88,0.85,0.36,0.87,34.52,0
26.00,-6.80,-8.09,14.64,1.50,4.37,3.12,34.52,100
26.05,-12.14,1.77,8.78,2.88,4.37,2.95,34.50,18
26.10,-22.01,12.67,7.62,0.79,4.37,1.18,34.53,0
26.15,-11.69,-11.30,2.42,-2.00,0.49,1.86,34.53,2
26.20,-21.05,-12.64,1.89,-0.64,-3.31,1.65,34.53,2
26.25,-20.68,-9.51,-3.84,0.01,-4.37,-4.19,34.52,0
26.30,-27.46,-3.39,-1.94,0.50,-4.37,-4.37,34.51,0
26.35,-39.68,5.97,-33.85,0.51,-3.32,-4.10,34.54,3
26.40,-56.34,-32.25,16.76,-1.26,4.37,4.01,34.53,15
26.45,-8.71,-3.21,5.39,0.41,0.37,0.77,34.53,0
26.50,-7.86,-7.29,15.33,0.90,4.25,2.13,34.53,0
26.55,-11.91,0.43,11.80,0.75,4.37,3.78,34.53,0
26.60,-21.61,8.62,6.30,3.43,4.37,1.80,34.52,1
26.65,-14.75,-9.73,-0.37,-1.57,1.16,1.77,34.54,7
26.70,-20.09,-10.47,3.88,0.29,-3.36,0.83,34.54,3
26.75,-10.51,-6.95,-0.61,0.03,-4.37,-2.72,34.55,0
26.80,-26.60,-5.90,-1.24,-1.33,-4.37,-4.37,34.55,7
26.85,-42.52,8.21,-31.72,0.75,-4.37,-3.95,34.55,0
26.90,-13.75,-21.08,19.76,-1.65,4.37,2.06,34.54,29
26.95,-9.47,-1.93,5.09,0.50,0.71,0.65,34.53,0
27.00,-7.98,-6.05,13.32,0.62,3.56,1.80,34.54,23
27.05,-11.47,-2.20,11.30,1.16,4.37,3.73,34.54,29
27.10,-20.24,1.60,2.29,1.85,4.37,1.74,34.54,0
27.15,-16.05,-8.86,7.46,-3.38,-0.25,1.79,34.55,1
27.20,-7.98,-8.33,8.67,-0.10,-4.37,-2.86,34.55,1
27.25,-12.07,-6.44,5.09,-1.26,-4.37,-4.37,34.54,0
27.30,-22.77,-0.65,6.89,-0.70,-4.37,-4.37,34.56,4
27.35,-41.82,12.45,-21.42,-1.31,-4.37,-1.41,34.54,0
27.40,-44.81,16.35,22.92,3.67,4.37,4.37,34.56,24
27.45,-7.50,-6.40,3.37,-0.47,0.99,-0.29,34.55,0
27.50,-7.60,-6.48,10.75,-0.26,2.67,2.17,34.56,46
27.55,-10.40,-8.80,6.44,-0.78,4.37,4.37,34.56,0
27.60,-12.68,-3.09,-2.85,-0.32,4.37,3.11,34.54,0
27.65,-13.03,-3.14,5.57,-1.00,2.32,2.17,34.56,0
27.70,-15.16,-2.67,9.89,0.97,-4.37,-2.65,34.56,1
27.75,-10.23,-0.87,7.37,-2.60,-4.37,-4.37,34.56,0
27.80,-24.30,2.54,9.54,-1.62,-4.37,-4.37,34.55,0
27.85,-43.05,9.69,-15.59,-1.51,-4.37,-3.71,34.56,5
27.90,-8.64,7.91,-15.01,1.01,2.48,1.95,34.55,16
27.95,-12.24,-1.71,5.18,0.04,1.08,0.35,34.55,31
28.00,-7.54,-5.73,4.72,0.45,0.53,0.71,34.55,62
28.05,-7.18,-7.05,11.49,-0.46,4.14,2.46,34.56,0
28.10,-15.59,-5.63,5.89,-0.13,4.37,3.40,34.57,0
28.15,-19.68,0.73,12.02,0.68,2.88,-0.26,34.56,6
28.20,-8.94,-10.94,11.92,-2.04,-2.30,1.26,34.57,2
28.25,-4.67,-7.35,6.45,-1.07,-4.37,-2.48,34.55,2
28.30,-11.14,-6.90,6.26,-0.71,-4.37,-4.37,34.57,0
28.35,-30.88,-1.33,-3.62,-0.56,-4.37,-4.37,34.56,18
28.40,-31.74,12.11,-23.99,-0.91,0.48,-0.76,34.56,0
28.45,-17.24,-22.40,-5.25,1.04,3.33,4.23,34.57,0
28.50,-7.40,-5.86,4.15,0.06,0.72,0.32,34.59,35
28.55,-7.84,-7.78,11.41,0.09,2.74,1.83,34.58,0
28.60,-22.44,-6.68,3.81,-3.11,4.37,3.00,34.58,0
28.65,-21.60,7.76,3.80,-0.49,3.75,-0.93,34.59,0
28.70,-16.92,-6.03,0.87,-1.89,-1.35,1.47,34.57,0
28.75,-2.63,-5.84,4.65,0.95,-4.37,-0.10,34.58,0
28.80,4.30,-6.61,-2.15,0.98,-4.37,-2.08,34.60,6
28.85,-14.53,3.03,-14.63,-0.42,-4.37,-3.28,34.59,0
28.90,-7.03,12.33,-19.13,0.66,4.26,0.42,34.59,19
28.95,-8.35,0.74,12.84,0.69,-1.09,0.77,34.58,0
29.00,-7.94,-7.64,8.87,0.25,1.57,0.46,34.61,0
29.05,-14.10,-4.02,11.41,-3.09,4.37,2.61,34.60,13
29.10,-21.79,2.69,-7.13,2.33,4.37,1.97,34.58,0
29.15,-25.35,-0.70,-5.85,-1.81,4.37,3.28,34.62,7
29.20,-14.60,-13.88,8.97,1.62,-4.03,0.19,34.60,0
29.25,13.20,-7.20,7.14,-0.26,-4.37,-4.37,34.60,5
29.30,-10.17,-0.45,-7.76,-1.09,-4.37,-3.01,34.61,6
29.35,-19.67,14.88,-22.74,0.21,2.43,-1.28,34.58,0
29.40,-9.51,-5.77,8.87,1.04,-2.05,0.11,34.60,0
29.45,-7.77,-4.71,5.86,0.03,0.87,0.11,34.60,0
29.50,-7.08,-10.57,12.48,-0.53,4.37,2.79,34.60,5
29.55,-6.14,-1.42,-25.02,-2.04,4.37,0.86,34.60,0
29.60,-19.52,5.84,-2.51,-3.02,3.41,1.64,34.60,0
29.65,-18.56,-6.94,0.56,0.00,2.70,2.45,34.58,0
29.70,-0.33,-5.43,10.87,2.59,-4.37,-0.08,34.60,6
29.75,7.92,-3.77,1.34,0.35,-4.37,-2.77,34.60,11
29.80,-13.68,-1.32,-13.01,-0.27,-4.37,-3.26,34.62,67
29.85,-43.82,5.22,-10.46,1.83,2.04,1.02,34.61,9
29.90,-8.08,-5.42,5.26,1.23,-2.21,-0.43,34.60,0
29.95,-8.01,-4.23,6.88,0.04,0.42,0.07,34.59,26
30.00,-7.93,-9.77,11.58,-0.54,3.80,2.41,34.60,0
30.05,-13.26,0.07,-16.57,-4.37,4.37,0.99,34.63,3
30.10,-25.03,3.08,-5.17,-0.22,3.76,0.85,34.61,0
30.15,-19.08,-10.93,3.09,-3.62,1.97,2.71,34.61,20
30.20,6.84,-4.02,13.75,2.58,-4.37,-1.98,34.59,8
30.25,2.40,0.67,3.70,-1.03,-4.37,-2.31,34.60,13
30.30,-21.38,6.67,-23.01,1.75,-0.48,-4.29,34.60,0
30.35,-2.67,-21.41,5.02,1.80,-2.84,-0.94,34.61,0
30.40,-8.61,-4.72,7.71,0.18,0.10,-0.09,34.62,58
30.45,-8.01,-9.09,9.09,-0.41,3.22,1.85,34.61,69
30.50,-21.01,-1.98,-12.57,-4.37,4.37,1.03,34.63,0
30.55,-17.57,6.60,-3.04,1.34,4.37,0.27,34.63,0
30.60,-23.23,-8.79,0.23,-3.41,2.52,2.69,34.62,0
30.65,-12.99,-12.99,10.44,0.83,-0.33,0.45,34.62,5
30.70,6.91,-8.53,4.95,-0.44,-4.37,-2.27,34.63,0
30.75,-5.61,-2.89,-2.22,-2.05,-4.37,-4.37,34.61,0
30.80,-23.32,10.12,-22.24,-1.82,-1.32,-2.18,34.62,2
30.85,-18.10,12.07,-1.76,1.53,-3.81,-0.38,34.63,8
30.90,-8.81,-2.99,10.07,0.17,0.53,0.35,34.64,0
30.95,-7.76,-5.05,1.40,-0.42,1.64,0.91,34.64,14
31.00,-8.83,-6.90,2.88,-0.30,1.89,2.02,34.66,30
31.05,-12.60,-5.89,2.45,-2.19,3.75,2.36,34.64,2
31.10,-12.75,-8.02,2.27,-2.26,3.59,0.50,34.64,3
31.15,-7.01,-5.17,8.59,-1.62,-1.35,-1.42,34.62,5
31.20,-4.96,-4.61,9.47,-1.79,-4.37,-3.37,34.63,0
31.25,-16.31,-2.23,11.55,-3.29,-4.37,-3.19,34.64,11
31.30,-20.53,5.87,-4.31,-4.37,-4.26,0.25,34.64,0
31.35,-11.44,7.42,5.04,-2.03,-2.85,1.25,34.64,20
31.40,-6.92,-5.60,6.28,0.20,-0.62,0.12,34.64,0
31.45,-7.32,-5.60,3.20,-0.45,0.57,0.61,34.66,0
31.50,-7.28,-6.33,2.16,-1.04,0.91,1.33,34.63,6
31.55,-8.66,-4.88,2.83,-2.16,1.60,1.69,34.62,0
31.60,-9.43,-1.64,2.46,-2.77,2.64,0.42,34.64,0
31.65,-16.09,-4.61,2.70,-4.37,4.37,-0.54,34.65,0
31.70,-12.24,-7.38,12.13,-2.03,-3.74,0.27,34.64,0
31.75,-1.17,1.26,8.92,-0.25,-4.37,-1.82,34.64,6
31.80,-9.94,-1.81,6.08,-0.73,-4.37,-1.74,34.64,1
31.85,-29.35,1.11,-9.56,-0.11,-3.90,-2.66,34.66,3
31.90,-9.90,16.55,-12.99,-0.05,1.56,0.05,34.66,0
31.95,-9.37,-3.95,5.24,0.57,0.83,1.39,34.66,0
32.00,-7.04,-3.77,4.91,0.32,0.21,0.29,34.64,0
32.05,-8.15,-5.44,10.37,0.18,2.00,1.45,34.65,23
32.10,-7.04,-7.13,15.10,-1.64,4.37,4.37,34.64,6
32.15,6.27,-6.78,30.38,2.27,-1.05,-1.93,34.67,7
32.20,-5.26,3.01,-4.07,1.50,-3.47,-3.30,34.64,3
32.25,-20.65,4.96,-21.65,2.06,-2.33,-2.34,34.69,20
32.30,-19.54,0.42,-14.66,-0.54,-0.77,-0.39,34.66,0
32.35,-5.06,7.80,-6.35,-0.09,3.83,0.35,34.66,29
32.40,1.81,-6.91,20.71,2.56,-4.37,0.52,34.66,19
32.45,-7.94,-4.33,9.22,0.35,0.62,-0.17,34.67,0
32.50,-7.39,-11.44,15.65,-0.06,4.37,3.20,34.66,0
32.55,7.56,-3.49,10.15,-3.84,4.37,3.67,34.66,15
32.60,10.22,1.68,7.80,1.96,-3.02,-1.97,34.67,35
32.65,-13.90,-1.09,-12.43,2.13,-2.58,-3.02,34.68,9
32.70,-25.35,-0.45,-10.04,1.20,-1.90,-2.78,34.66,3
32.75,-8.49,8.39,-17.25,-1.58,-0.01,-0.39,34.68,4
32.80,-37.86,8.01,-18.33,3.07,-4.37,-2.05,34.66,7
32.85,-8.40,-5.51,11.31,0.68,-1.94,-0.39,34.68,11
32.90,-8.79,-5.47,8.00,0.17,2.25,1.31,34.67,0
32.95,-11.32,-4.32,9.67,-0.70,4.37,4.37,34.67,2
33.00,2.47,-13.16,18.93,0.61,-1.01,-0.62,34.68,0
33.05,-4.13,-3.53,2.92,-0.94,-4.37,-2.16,34.69,0
33.10,-18.57,-0.10,-9.30,0.90,-2.48,-3.61,34.68,0
33.15,-20.17,1.11,-24.04,-0.30,-0.17,0.73,34.68,0
33.20,-20.97,-6.05,-7.27,-1.54,4.37,-1.33,34.69,0
33.25,-7.96,-2.28,7.47,1.24,-4.17,-0.38,34.68,9
33.30,-7.93,-6.26,10.36,0.37,1.19,0.30,34.68,0
33.35,-7.04,-8.55,11.30,-0.87,4.37,4.37,34.68,59
33.40,-3.24,-0.32,11.45,-1.45,4.37,0.99,34.67,0
33.45,4.55,-7.09,8.62,0.68,-3.47,-2.27,34.68,0
33.50,-16.13,-4.09,-7.61,-0.47,-4.37,-3.27,34.69,38
33.55,-19.82,4.66,-21.77,0.90,-0.12,-1.75,34.67,0
33.60,-42.26,-9.44,-17.78,1.07,-1.05,1.17,34.69,15
33.65,-9.05,-2.23,10.03,0.72,-3.35,-1.12,34.68,6
33.70,-8.05,-6.58,10.32,0.22,1.03,0.37,34.69,15
33.75,-8.59,-9.54,12.83,-0.81,4.37,4.37,34.69,2
33.80,8.98,1.07,8.15,-2.07,4.37,2.64,34.70,0
33.85,4.43,-2.40,14.37,1.23,-4.37,-1.88,34.69,10
33.90,-13.01,-6.73,-0.07,0.09,-4.37,-2.44,34.69,0
33.95,-28.79,-0.03,-7.29,0.54,-3.07,-4.08,34.69,0
34.00,-8.40,14.59,-24.41,-0.10,-0.35,-0.50,34.70,24
34.05,-2.07,-23.01,20.77,3.38,-4.37,-2.13,34.68,0
34.10,-7.36,-3.32,12.06,0.39,0.41,0.00,34.70,0
34.15,-7.96,-4.98,8.52,-0.13,2.74,1.52,34.71,131
34.20,-11.64,-4.10,11.58,-1.65,4.37,3.47,34.69,1
34.25,-11.02,-0.23,2.65,-1.21,4.37,3.52,34.69,0
34.30,-13.73,-8.13,4.91,-1.39,-1.87,1.09,34.71,1
34.35,-6.47,-9.47,9.64,2.42,-4.37,-0.78,34.70,1
34.40,-10.63,-11.43,2.28,2.01,-4.37,-4.37,34.72,3
34.45,-25.15,-8.09,5.66,0.28,-4.37,-4.37,34.69,2
34.50,-39.33,8.53,-28.24,1.05,-2.99,-1.26,34.69,1
34.55,-48.01,-11.97,9.17,-1.37,4.37,4.31,34.69,15
34.60,-9.06,-2.28,5.04,0.27,0.60,0.74,34.70,0
34.65,-7.62,-5.72,12.84,0.44,3.82,1.83,34.69,0
34.70,-13.80,-2.57,9.24,0.80,4.37,3.25,34.72,0
34.75,-16.15,3.74,3.63,1.75,4.37,2.79,34.70,0
34.80,-16.66,-10.60,4.45,-4.37,-2.11,1.47,34.72,0
34.85,-5.83,-14.60,4.43,2.66,-4.37,1.53,34.73,0
34.90,-13.16,-14.54,0.50,1.80,-4.37,-4.37,34.71,8
34.95,-29.83,-10.01,-0.55,0.69,-4.37,-4.37,34.71,0
35.00,-35.61,8.40,-25.94,0.45,-0.66,-2.12,34.72,3
35.05,-7.32,-3.02,2.56,-1.12,4.37,3.63,34.70,0
35.10,-8.22,-2.30,5.90,0.52,0.41,0.71,34.72,51
35.15,-7.75,-5.88,12.29,0.82,3.94,1.60,34.74,0
35.20,-12.56,-1.63,10.56,1.42,4.37,3.81,34.73,0
35.25,-17.46,3.30,5.31,1.52,4.37,1.31,34.74,0
35.30,-14.20,-7.72,5.27,-2.71,-1.35,1.23,34.72,1
35.35,-13.59,-11.25,6.55,1.55,-4.37,-1.23,34.73,12
35.40,-11.43,-5.18,3.05,-0.59,-4.37,-3.50,34.73,0
35.45,-26.20,-6.33,2.97,-2.71,-4.37,-4.37,34.73,0
35.50,-37.25,13.35,-23.13,1.74,-0.95,-3.57,34.74,1
35.55,-10.38,-29.53,7.03,-1.57,4.37,4.07,34.72,10
35.60,-8.76,-2.97,5.98,0.26,0.79,0.55,34.73,0
35.65,-8.07,-4.62,11.17,0.41,2.26,1.27,34.73,0
35.70,-8.78,-8.09,10.18,0.71,4.37,4.33,34.74,38
35.75,-11.04,-9.56,-8.43,3.21,4.37,2.19,34.74,6
35.80,-9.35,-8.25,3.22,-3.40,2.44,1.05,34.74,3
35.85,-18.18,-8.72,2.20,-1.22,-0.73,-0.29,34.75,0
35.90,-7.19,-1.66,8.30,-0.20,-4.37,-4.05,34.72,8
35.95,-14.90,-4.98,6.99,-0.01,-4.37,-4.37,34.74,4
36.00,-36.61,5.12,-2.80,-2.16,-4.37,-3.62,34.73,9
36.05,-32.44,13.24,-21.92,-0.33,1.26,-1.50,34.73,13
36.10,-41.99,-13.26,3.96,2.02,3.93,3.03,34.74,0
36.15,-7.58,-5.92,4.78,0.06,0.59,0.33,34.74,24
36.20,-5.80,-8.05,11.43,-0.49,4.37,3.44,34.76,0
36.25,-12.60,-4.57,4.03,-1.96,4.37,3.67,34.75,0
36.30,-19.60,-3.04,4.84,0.49,4.37,1.16,34.74,6
36.35,-8.15,-12.53,6.96,0.39,-0.02,0.09,34.74,0
36.40,-14.95,-4.16,9.27,-0.42,-4.37,-4.06,34.75,0
36.45,-19.31,1.55,8.59,0.01,-4.37,-4.37,34.74,2
36.50,-32.59,4.82,-3.50,-2.69,-4.37,-3.69,34.74,0
36.55,-31.58,14.55,-19.25,-0.31,-1.13,1.12,34.73,14
36.60,-24.60,2.81,15.39,1.32,2.62,1.43,34.75,0
36.65,-7.40,-5.43,3.75,0.48,0.35,0.22,34.74,14
36.70,-7.28,-5.64,8.49,-0.72,3.17,2.10,34.76,0
36.75,-12.23,-8.95,6.30,-1.47,4.37,4.22,34.75,0
36.80,-12.33,-7.02,-0.40,1.83,4.37,1.11,34.76,5
36.85,-15.38,-7.52,4.71,-4.37,-0.70,1.05,34.74,1
36.90,-13.28,-6.63,8.44,0.43,-2.34,-2.69,34.76,2
36.95,-10.46,-5.78,5.53,-0.45,-4.37,-4.37,34.76,4
37.00,-27.30,-5.57,0.51,-1.03,-4.37,-4.37,34.75,0
37.05,-36.14,8.68,-27.42,1.01,-3.14,-1.55,34.77,12
37.10,-28.27,-6.79,10.13,1.86,1.35,4.37,34.75,32
37.15,-7.73,-4.62,3.60,0.78,0.79,0.11,34.75,63
37.20,-7.21,-6.19,11.22,-0.06,3.20,1.92,34.77,0
37.25,-11.73,-6.14,9.32,-0.17,4.37,3.38,34.77,0
37.30,-25.96,-7.21,7.70,1.00,4.37,1.23,34.78,1
37.35,-9.47,-10.45,11.91,-1.61,-2.02,0.85,34.77,3
37.40,-7.00,-1.20,7.97,-0.30,-4.37,-2.24,34.77,0
37.45,-13.57,-4.12,5.38,0.70,-4.37,-1.85,34.78,9
37.50,-25.23,-2.90,-12.72,2.10,-1.65,-2.28,34.77,3
37.55,-40.72,21.03,-48.42,1.57,1.48,-1.48,34.77,11
37.60,-8.27,-6.68,4.26,0.03,-2.15,-0.96,34.76,6
37.65,-8.42,-4.81,8.82,0.24,1.43,0.63,34.76,2
37.70,-9.41,-8.16,14.26,-0.06,4.37,4.37,34.77,0
37.75,-20.87,-13.69,3.31,4.37,4.37,2.14,34.77,0
37.80,-1.63,-6.67,8.96,-0.97,-4.29,1.70,34.76,7
37.85,-0.59,-8.22,7.09,3.03,-3.24,-4.37,34.76,3
37.90,-11.38,-1.88,1.50,0.48,-4.37,-1.46,34.78,3
37.95,-27.16,5.31,-18.85,1.10,-1.72,-0.02,34.79,8
38.00,-15.31,-6.58,-33.65,1.70,4.37,-0.59,34.77,15
38.05,-8.17,-0.19,5.35,0.86,-1.36,-3.60,34.78,0
38.10,-8.47,-1.68,8.12,-0.60,1.41,0.08,34.78,0
38.15,-8.19,-5.91,9.11,-0.84,4.37,1.44,34.79,31
38.20,-19.69,-2.25,2.17,-3.44,4.37,0.90,34.80,3
38.25,-19.46,2.51,7.67,1.30,4.37,-0.03,34.78,0
38.30,-19.99,-10.57,4.24,-3.68,-1.43,1.34,34.78,8
38.35,-9.77,-1.63,13.16,1.01,-4.37,-2.75,34.76,2
38.40,-18.19,-1.11,6.99,-2.10,-4.37,-4.04,34.80,7
38.45,-44.01,7.39,-6.64,-2.02,-4.37,-4.37,34.78,6
38.50,-34.36,9.50,-20.28,0.38,2.06,-0.13,34.80,0
38.55,-22.05,-15.00,2.47,0.16,4.03,4.37,34.80,29
38.60,-8.51,-5.26,4.98,-0.16,1.00,0.41,34.79,5
38.65,-5.86,-13.10,17.02,0.57,4.37,3.76,34.79,73
38.70,-16.97,-8.04,8.53,-0.61,4.37,3.43,34.77,5
38.75,-15.09,7.09,3.67,-4.37,-0.50,1.50,34.78,3
38.80,-20.24,-8.55,1.55,-0.61,1.03,-0.11,34.76,6
38.85,-5.50,-5.32,0.14,-0.48,-4.37,-1.12,34.77,0
38.90,-15.61,-4.77,2.92,-0.12,-4.37,-4.37,34.77,8
38.95,-40.53,7.69,-12.75,-1.17,-4.37,-4.37,34.78,10
39.00,-14.45,5.00,-12.85,1.22,3.51,-1.42,34.79,46
39.05,-16.97,-7.67,6.27,0.88,1.29,1.79,34.78,0
39.10,-8.48,-6.17,10.50,-0.04,2.15,1.21,34.79,11
39.15,-11.59,-8.63,11.77,-0.33,4.37,4.37,34.79,10
39.20,-26.27,-1.92,-1.58,2.63,4.37,1.89,34.79,0
39.25,-15.76,-11.82,2.28,-3.59,0.82,1.82,34.81,0
39.30,-17.74,-11.99,9.15,0.03,-4.37,-0.95,34.79,6
39.35,-14.58,-5.77,3.90,-1.94,-4.37,-4.37,34.81,7
39.40,-31.20,-0.41,-3.01,-0.20,-4.37,-4.37,34.81,0
39.45,-42.16,10.44,-33.12,0.99,-2.38,-3.07,34.80,12
39.50,-39.45,2.31,10.78,-0.34,3.68,4.37,34.82,0
39.55,-8.59,-4.15,5.78,0.37,1.17,0.27,34.81,32
39.60,-5.66,-9.44,15.11,0.37,4.37,3.50,34.81,6
39.65,-18.68,-3.65,5.92,1.61,4.37,2.97,34.82,0
39.70,-19.59,4.10,9.37,-2.55,2.29,1.79,34.80,4
39.75,-15.27,-11.47,6.07,-0.84,1.57,0.27,34.79,0
39.80,-15.21,-6.71,5.25,0.65,-4.21,-3.21,34.80,1
39.85,-15.29,-3.48,-0.47,1.24,-4.37,-4.37,34.81,0
39.90,-40.80,3.81,-16.13,0.70,-4.37,-4.37,34.80,1
39.95,-22.78,10.28,-20.49,0.69,1.79,-0.15,34.80,0
40.00,-14.01,-4.01,7.94,1.36,1.02,2.54,34.82,0
40.05,-8.54,-6.91,12.79,0.47,3.12,1.84,34.81,11
40.10,-13.58,-5.56,12.50,0.53,4.37,4.37,34.81,1
40.15,-25.17,-2.87,-0.25,4.37,4.37,0.65,34.80,0
40.20,-12.82,-11.29,4.31,-4.00,1.88,2.19,34.83,0
40.25,-14.58,-9.95,6.33,-1.94,-1.32,-0.50,34.80,2
40.30,-21.23,-8.24,-2.44,3.12,-4.37,-4.37,34.82,1
40.35,-34.04,5.90,-10.79,-0.04,-4.37,-4.37,34.81,0
40.40,-33.38,9.74,-24.75,-0.70,-4.37,-4.37,34.81,3
40.45,-83.49,-24.44,26.15,0.50,3.49,4.37,34.81,0
40.50,-8.94,-3.78,6.34,0.13,1.40,0.69,34.82,0
40.55,-5.70,-12.49,16.71,0.85,4.37,3.63,34.82,0
40.60,-17.59,-11.76,-0.10,2.21,4.37,2.52,34.83,15
40.65,-21.96,0.17,6.43,-4.37,2.84,2.38,34.83,6
40.70,-15.41,-10.48,9.68,0.22,2.08,0.54,34.80,0
40.75,-9.22,-2.50,1.30,-0.64,-4.37,-3.46,34.80,7
40.80,-21.14,-4.93,4.88,1.28,-4.37,-4.37,34.82,0
40.85,-46.06,10.48,-12.48,-1.27,-4.37,-4.37,34.81,0
40.90,-18.79,5.90,-17.64,1.73,3.61,-0.81,34.82,0
40.95,-17.47,-7.88,4.67,1.02,1.31,1.92,34.82,0
41.00,-8.79,-6.08,9.85,0.23,1.92,1.18,34.83,115
41.05,-8.54,-10.07,12.86,0.53,4.37,4.37,34.81,2
41.10,-19.87,-10.41,-5.66,4.06,4.37,1.80,34.83,17
41.15,-11.43,-8.00,3.13,-4.37,0.74,1.49,34.82,1
41.20,-18.07,-11.45,6.44,-0.41,-2.02,-0.78,34.82,5
41.25,-7.23,-5.27,4.76,-0.73,-4.37,-2.33,34.82,0
41.30,-19.60,-6.15,5.91,0.31,-4.37,-4.37,34.81,0
41.35,-44.70,4.22,-14.61,-0.06,-4.37,-4.37,34.85,11
41.40,-27.11,14.66,-19.06,-0.26,4.29,-0.92,34.82,0
41.45,-16.25,-7.04,5.64,1.39,1.14,2.11,34.82,17
41.50,-8.23,-6.32,8.32,0.33,1.27,0.76,34.83,0
41.55,-8.74,-10.49,13.19,0.42,4.37,4.21,34.84,0
41.60,-16.65,-6.41,-4.31,2.48,4.37,2.37,34.84,7
41.65,-11.88,-6.85,4.66,-4.37,1.42,1.77,34.82,1
41.70,-13.80,-9.92,5.37,-1.44,0.43,-0.30,34.82,0
41.75,-14.84,-1.79,2.83,1.43,-4.37,-4.05,34.81,8
41.80,-17.60,-7.01,4.15,0.51,-4.37,-4.37,34.84,10
41.85,-41.31,4.85,-10.86,-0.41,-4.37,-4.37,34.84,22
41.90,-28.59,11.65,-21.11,0.89,3.00,-1.28,34.83,19
41.95,-21.36,1.07,9.28,1.69,0.94,3.05,34.84,102
42.00,-7.89,-6.22,8.71,0.36,1.06,0.87,34.83,13
42.05,-6.95,-7.95,12.05,0.47,4.37,4.26,34.84,0
42.10,-9.23,-8.19,0.76,4.16,4.37,2.10,34.83,0
42.15,-10.36,-5.77,0.97,-4.37,2.11,1.58,34.83,1
42.20,-18.74,-8.88,2.80,-0.48,-1.21,0.10,34.82,3
42.25,-7.21,-4.45,2.20,0.37,-4.37,-3.60,34.84,2
42.30,-15.98,-8.54,3.90,-0.34,-4.37,-4.37,34.84,5
42.35,-33.84,2.83,-8.21,0.36,-4.37,-4.37,34.84,0
42.40,-27.89,7.00,-24.07,0.18,2.34,-1.95,34.86,30
42.45,-19.33,1.03,6.21,1.25,0.63,3.12,34.84,0
42.50,-7.87,-4.04,5.61,0.23,0.74,0.51,34.84,31
42.55,-6.30,-7.18,14.07,-0.13,4.37,2.19,34.85,0
42.60,-14.98,-0.58,7.92,0.61,4.37,2.02,34.87,0
42.65,-18.16,-3.77,4.66,-2.36,4.37,1.34,34.85,2
42.70,-17.42,-13.14,5.41,-3.24,-2.86,2.31,34.86,5
42.75,-3.87,-6.71,4.87,2.73,-4.37,-0.13,34.84,12
42.80,-13.78,-9.98,5.61,1.63,-4.37,-4.37,34.88,0
42.85,-32.74,-3.94,-7.26,2.28,-4.37,-4.37,34.86,7
42.90,-22.63,19.16,-18.35,0.76,0.79,-0.97,34.85,1
42.95,-11.31,-10.04,4.65,0.02,1.01,1.88,34.87,0
43.00,-7.31,-3.44,5.31,0.09,0.58,0.39,34.86,78
43.05,-7.72,-4.69,10.62,0.05,2.94,1.14,34.87,0
43.10,-10.36,-4.82,11.51,2.14,4.37,4.29,34.87,4
43.15,-7.99,1.52,-2.72,2.30,4.37,2.76,34.87,0
43.20,-8.58,-3.85,-1.51,-2.46,2.34,1.19,34.87,3
43.25,-18.59,-9.09,-2.39,0.12,-3.46,1.85,34.87,1
43.30,-1.85,-10.10,-1.77,-1.42,-4.37,-1.66,34.85,0
43.35,-17.69,-6.49,3.36,1.57,-4.37,-4.37,34.86,1
43.40,-33.83,2.60,-18.34,-1.08,-4.37,-3.75,34.87,0
43.45,-12.48,5.54,-12.89,-0.93,1.69,-0.34,34.87,19
43.50,-16.30,-5.88,2.96,0.65,0.96,1.65,34.87,49
43.55,-7.58,-4.81,4.86,0.28,0.73,0.04,34.88,0
43.60,-6.50,-6.98,11.64,-0.37,4.37,2.38,34.87,33
43.65,-10.99,-2.53,5.71,-0.77,4.37,2.12,34.88,0
43.70,-18.52,-4.93,-3.81,-2.84,4.37,2.61,34.88,1
43.75,-13.39,-7.16,-1.97,-2.66,1.83,1.20,34.87,0
43.80,-9.74,-5.85,2.93,0.32,-4.37,-2.62,34.87,6
43.85,-8.53,-2.14,3.06,0.02,-4.37,-4.21,34.87,3
43.90,-22.57,-5.45,0.32,2.79,-4.37,-4.37,34.86,0
43.95,-22.82,5.56,-28.15,-1.40,-1.39,1.23,34.88,10
44.00,-40.11,-1.69,-42.79,4.37,-1.08,1.94,34.87,11
44.05,-9.46,-3.52,10.32,0.32,-0.08,0.30,34.87,0
44.10,-6.07,-6.09,3.97,0.57,-0.22,0.54,34.89,45
44.15,-6.99,-4.09,6.73,0.26,0.74,0.83,34.89,6
44.20,-7.25,-4.50,4.21,0.08,2.04,1.61,34.89,5
44.25,-8.18,-3.34,2.78,-0.02,2.47,2.00,34.89,0
44.30,-12.19,-5.92,7.37,-1.77,4.37,2.98,34.89,0
44.35,-16.50,-6.46,5.43,-0.92,4.31,2.82,34.86,3
44.40,-3.58,-0.38,3.74,-0.85,-2.23,-2.92,34.88,4
44.45,-8.77,5.02,5.83,-1.44,-4.11,-3.55,34.89,0
44.50,-13.31,2.38,4.36,-0.08,-3.89,-1.68,34.88,3
44.55,-13.97,-2.29,-0.87,1.08,-1.86,-1.07,34.90,2
44.60,-13.89,-3.61,-2.09,0.73,-0.31,-0.84,34.89,0
44.65,-8.30,-0.56,-8.03,2.03,1.92,-0.88,34.88,0
44.70,-9.05,0.08,-5.37,-1.56,-1.47,-1.82,34.88,0
44.75,-6.26,-2.36,11.73,-0.05,-1.62,-0.62,34.90,5
44.80,-6.29,-4.61,4.46,0.07,-0.10,-0.26,34.89,0
44.85,-6.22,-4.56,4.89,0.07,-0.09,0.08,34.90,6
44.90,-6.25,-4.36,5.01,0.06,0.04,-0.04,34.89,0
44.95,-6.31,-4.73,4.58,0.13,0.35,-0.12,34.89,22
45.00,-6.34,-4.42,4.76,0.07,-0.05,-0.04,34.91,2
45.05,-6.36,-4.58,4.59,0.09,-0.10,-0.03,34.89,0
45.10,-6.35,-4.70,4.59,-0.15,0.04,-0.10,34.89,0
45.15,-6.35,-4.67,4.59,0.11,-0.02,-0.08,34.91,0
45.20,-6.12,-5.01,4.53,0.20,-0.09,-0.02,34.89,4
45.25,-6.35,-4.39,4.85,0.20,-0.01,0.01,34.90,0
45.30,-6.23,-4.61,4.72,0.17,-0.17,0.05,34.92,3
45.35,-6.31,-4.63,4.71,0.18,0.04,-0.02,34.91,5
45.40,-6.35,-4.41,4.82,0.20,-0.12,0.07,34.90,0
45.45,-6.22,-4.45,4.90,0.16,-0.05,0.06,34.89,0
45.50,-6.30,-4.30,4.84,0.18,0.03,0.07,34.89,3
45.55,-6.35,-4.25,4.87,0.12,0.07,0.06,34.90,3
45.60,-6.41,-4.21,4.87,0.17,-0.01,0.04,34.90,0
45.65,-6.43,-4.13,5.02,0.20,0.08,0.08,34.90,1
45.70,-6.52,-4.06,4.80,0.17,-0.06,0.06,34.92,4
45.75,-6.49,-3.94,5.04,0.24,-0.11,0.12,34.90,0
45.80,-6.55,-4.72,5.45,0.14,0.35,0.32,34.91,6
45.85,-7.00,-3.36,5.56,-0.24,1.20,0.27,34.90,1
45.90,-7.60,-4.25,3.05,-0.34,1.00,0.67,34.92,3
45.95,-7.92,-3.30,2.32,-0.90,0.19,0.78,34.93,1
46.00,-8.07,-3.28,2.89,-1.29,-0.11,0.65,34.92,4
46.05,-8.17,-3.49,2.39,-1.38,-0.28,0.58,34.91,2
46.10,-8.22,-3.65,2.01,-1.62,-0.66,0.46,34.89,1
46.15,-7.96,-3.36,2.73,-1.68,-1.11,0.60,34.92,2
46.20,-8.06,-2.64,4.44,-0.65,-0.63,0.12,34.89,2
46.25,-7.79,-4.85,2.50,0.05,-0.01,-0.10,34.92,4
46.30,-7.92,-3.90,3.08,0.04,0.03,-0.07,34.92,0
46.35,-7.88,-3.77,2.92,0.07,0.00,-0.08,34.91,5
46.40,-7.87,-3.84,2.97,0.11,-0.11,-0.06,34.90,3
46.45,-7.80,-4.05,2.83,0.09,-0.04,-0.09,34.92,3
46.50,-7.83,-3.89,2.96,0.09,0.00,-0.03,34.90,5
46.55,-7.78,-3.96,3.00,0.10,-0.04,-0.03,34.92,6
46.60,-7.79,-3.91,3.06,0.11,-0.08,-0.03,34.93,1
46.65,-7.76,-3.89,2.99,0.10,-0.06,-0.06,34.91,1
46.70,-7.73,-4.08,3.14,0.09,-0.03,-0.05,34.92,2
46.75,-7.73,-3.99,3.10,0.09,0.01,-0.02,34.92,1
46.80,-7.76,-3.92,2.89,0.11,-0.05,-0.02,34.91,0
46.85,-7.71,-4.05,3.08,0.12,-0.10,-0.04,34.94,2
46.90,-7.68,-4.00,3.23,0.09,-0.01,-0.04,34.92,0
46.95,-7.71,-3.95,3.02,0.08,0.03,-0.06,34.93,2
47.00,-7.70,-4.05,3.11,0.09,-0.02,-0.07,34.91,4
47.05,-7.67,-4.07,3.08,0.10,-0.05,-0.05,34.91,0
47.10,-7.65,-4.07,3.14,0.09,-0.04,-0.06,34.92,4
47.15,-7.60,-4.07,3.05,0.10,-0.05,-0.06,34.92,1
47.20,-7.59,-4.11,3.12,0.10,-0.05,-0.08,34.93,2
47.25,-7.58,-4.17,3.06,0.09,-0.06,-0.10,34.92,0
47.30,-7.55,-4.22,3.17,0.09,-0.07,-0.08,34.93,2
47.35,-7.46,-4.28,3.28,0.09,-0.06,-0.08,34.93,0
47.40,-7.45,-4.35,3.29,0.10,-0.04,-0.04,34.92,0
47.45,-7.46,-4.30,3.25,0.10,-0.02,-0.01,34.91,4
47.50,-7.47,-4.30,3.26,0.09,-0.01,-0.02,34.92,0
47.55,-7.50,-4.28,3.22,0.10,-0.04,-0.03,34.94,4
47.60,-7.46,-4.28,3.26,0.11,-0.04,-0.03,34.92,2
47.65,-7.45,-4.31,3.28,0.11,-0.03,-0.02,34.94,1
47.70,-7.47,-4.30,3.23,0.10,-0.01,-0.01,34.93,2
47.75,-7.46,-4.30,3.29,0.10,0.00,-0.01,34.94,0
47.80,-7.49,-4.30,3.28,0.10,0.01,0.00,34.93,0
47.85,-7.47,-4.28,3.25,0.10,-0.01,-0.02,34.95,1
47.90,-7.51,-4.27,3.19,0.10,-0.02,-0.02,34.94,2
47.95,-7.47,-4.28,3.26,0.10,-0.04,-0.02,34.93,0
48.00,-7.46,-4.33,3.32,0.10,-0.02,-0.03,34.93,0
48.05,-7.48,-4.27,3.25,0.10,-0.02,-0.02,34.93,0
48.10,-7.47,-4.32,3.24,0.10,-0.03,-0.03,34.93,1
48.15,-7.46,-4.35,3.28,0.10,-0.00,-0.01,34.91,2
48.20,-7.46,-4.29,3.21,0.10,-0.01,-0.01,34.92,0
48.25,-7.48,-4.33,3.27,0.10,0.01,-0.01,34.94,3
48.30,-7.51,-4.18,3.11,0.11,-0.03,-0.01,34.94,0
48.35,-7.51,-4.25,3.30,0.10,-0.01,-0.02,34.94,1
48.40,-7.48,-4.29,3.28,0.10,-0.01,-0.02,34.91,2
48.45,-7.49,-4.22,3.16,0.10,-0.01,-0.01,34.92,1
48.50,-7.50,-4.26,3.25,0.10,-0.03,-0.03,34.93,0
