0.00,-6.00,-4.87,4.83,0.09,-0.02,-0.02,33.34,7
0.05,-5.99,-4.87,4.84,0.09,-0.02,-0.03,33.34,8
0.10,-5.97,-4.88,4.83,0.10,-0.02,-0.02,33.37,3
0.15,-5.95,-4.86,4.84,0.10,-0.02,-0.02,33.38,6
0.20,-5.99,-4.87,4.83,0.09,-0.02,-0.03,33.38,6
0.25,-5.98,-4.87,4.83,0.10,-0.02,-0.03,33.41,4
0.30,-5.97,-4.88,4.84,0.10,-0.02,-0.02,33.42,5
0.35,-5.97,-4.87,4.89,0.10,-0.02,-0.02,33.41,5
0.40,-5.97,-4.86,4.81,0.10,-0.02,-0.02,33.44,5
0.45,-5.95,-4.87,4.85,0.10,-0.02,-0.02,33.45,5
0.50,-5.99,-4.87,4.87,0.10,-0.02,-0.02,33.46,4
0.55,-5.95,-4.87,4.87,0.10,-0.02,-0.02,33.47,4
0.60,-5.99,-4.87,4.83,0.10,-0.02,-0.02,33.47,9
0.65,-5.98,-4.86,4.85,0.09,-0.02,-0.03,33.48,2
0.70,-5.96,-4.87,4.84,0.09,-0.02,-0.03,33.48,7
0.75,-5.98,-4.88,4.79,0.10,-0.02,-0.02,33.47,4
0.80,-5.99,-4.86,4.82,0.10,-0.02,-0.02,33.49,4
0.85,-5.99,-4.89,4.81,0.10,-0.02,-0.02,33.50,7
0.90,-5.98,-4.87,4.84,0.10,-0.02,-0.02,33.49,3
0.95,-5.99,-4.87,4.87,0.10,-0.02,-0.02,33.51,7
1.00,-5.98,-4.88,4.85,0.09,-0.02,-0.03,33.51,4
1.05,-5.98,-4.88,4.83,0.10,-0.02,-0.02,33.50,3
1.10,-5.97,-4.90,4.85,0.10,-0.02,-0.02,33.52,6
1.15,-5.97,-4.85,4.87,0.10,-0.02,-0.02,33.53,8
1.20,-5.97,-4.88,4.83,0.10,-0.02,-0.02,33.53,5
1.25,-5.99,-4.87,4.82,0.10,-0.02,-0.02,33.54,6
1.30,-5.98,-4.87,4.84,0.10,-0.02,-0.02,33.55,4
1.35,-5.97,-4.87,4.86,0.09,-0.02,-0.02,33.55,4
1.40,-5.96,-4.87,4.83,0.09,-0.02,-0.03,33.56,7
1.45,-5.97,-4.90,4.81,0.08,-0.01,-0.04,33.56,5
1.50,-5.99,-4.93,4.79,0.09,-0.01,-0.03,33.56,5
1.55,-5.99,-4.88,4.81,0.08,-0.01,-0.04,33.56,6
1.60,-5.95,-4.98,4.75,0.09,-0.01,-0.03,33.59,5
1.65,-5.96,-4.93,4.78,0.11,-0.02,-0.01,33.59,5
1.70,-5.99,-4.88,4.85,0.11,-0.02,-0.01,33.61,3
1.75,-5.95,-4.94,4.80,0.11,-0.02,-0.01,33.61,5
1.80,-5.96,-4.88,4.83,0.10,-0.02,-0.02,33.60,7
1.85,-6.01,-4.83,4.87,0.08,-0.01,-0.04,33.61,2
1.90,-5.95,-4.94,4.79,0.03,0.01,-0.09,33.61,4
1.95,-5.90,-5.03,4.71,0.07,-0.01,-0.04,33.60,4
2.00,-5.95,-4.98,4.74,0.11,-0.02,-0.00,33.61,7
2.05,-5.97,-4.94,4.80,0.12,-0.03,-0.00,33.63,7
2.10,-5.99,-4.94,4.81,0.10,-0.02,-0.02,33.62,2
2.15,-6.00,-4.91,4.78,0.07,-0.01,-0.05,33.62,5
2.20,-5.93,-5.02,4.72,0.09,-0.01,-0.03,33.62,6
2.25,-5.96,-4.97,4.76,0.10,-0.02,-0.01,33.64,4
2.30,-5.96,-4.94,4.81,0.10,-0.02,-0.02,33.63,5
2.35,-5.99,-4.95,4.77,0.10,-0.02,-0.02,33.64,6
2.40,-5.94,-4.96,4.75,0.10,-0.02,-0.02,33.65,5
2.45,-5.96,-4.98,4.75,0.10,-0.02,-0.02,33.66,6
2.50,-5.97,-4.96,4.75,0.10,-0.02,-0.02,33.64,3
2.55,-5.97,-4.97,4.79,0.10,-0.02,-0.02,33.65,3
2.60,-5.97,-4.96,4.79,0.10,-0.02,-0.02,33.64,5
2.65,-5.95,-4.98,4.80,0.10,-0.02,-0.02,33.65,5
2.70,-5.96,-4.98,4.75,0.10,-0.02,-0.02,33.66,7
2.75,-5.96,-4.96,4.78,0.10,-0.02,-0.02,33.66,5
2.80,-5.97,-4.97,4.76,0.10,-0.02,-0.02,33.64,4
2.85,-5.98,-4.96,4.77,0.10,-0.02,-0.02,33.67,6
2.90,-5.96,-4.97,4.77,0.10,-0.02,-0.02,33.67,4
2.95,-5.98,-4.95,4.79,0.10,-0.02,-0.02,33.67,6
3.00,-5.98,-4.96,4.78,0.10,-0.02,-0.02,33.66,7
3.05,-5.96,-4.98,4.78,0.09,-0.02,-0.02,33.69,4
3.10,-5.97,-4.95,4.75,0.10,-0.02,-0.02,33.68,5
3.15,-5.96,-4.96,4.78,0.10,-0.02,-0.02,33.69,5
3.20,-5.97,-4.97,4.78,0.10,-0.02,-0.02,33.68,2
3.25,-5.96,-4.95,4.78,0.10,-0.02,-0.02,33.70,5
3.30,-5.97,-4.96,4.78,0.10,-0.02,-0.02,33.71,6
3.35,-5.97,-4.96,4.76,0.10,-0.02,-0.02,33.73,2
3.40,-5.97,-4.96,4.79,0.10,-0.02,-0.02,33.69,5
3.45,-5.95,-4.96,4.78,0.10,-0.02,-0.02,33.70,5
3.50,-5.98,-4.98,4.76,0.10,-0.02,-0.02,33.70,7
3.55,-5.95,-4.97,4.78,0.10,-0.02,-0.02,33.70,7
3.60,-5.96,-4.99,4.77,0.09,-0.02,-0.02,33.71,4
3.65,-5.97,-4.98,4.78,0.10,-0.02,-0.02,33.71,6
3.70,-5.95,-4.96,4.78,0.10,-0.02,-0.02,33.72,7
3.75,-5.95,-4.96,4.75,0.10,-0.02,-0.02,33.71,3
3.80,-5.96,-4.98,4.77,0.10,-0.02,-0.02,33.72,3
3.85,-5.97,-4.97,4.78,0.10,-0.02,-0.02,33.72,5
3.90,-5.96,-4.96,4.78,0.10,-0.02,-0.02,33.72,6
3.95,-5.96,-4.97,4.79,0.10,-0.02,-0.02,33.72,5
4.00,-5.96,-4.96,4.79,0.10,-0.02,-0.02,33.70,4
4.05,-6.00,-4.98,4.77,0.10,-0.02,-0.02,33.73,5
4.10,-5.97,-4.96,4.77,0.10,-0.02,-0.02,33.73,6
4.15,-5.97,-4.98,4.79,0.10,-0.02,-0.02,33.72,4
4.20,-5.96,-4.96,4.73,0.10,-0.02,-0.02,33.75,7
4.25,-5.99,-4.96,4.79,0.10,-0.02,-0.02,33.76,4
4.30,-5.94,-4.95,4.77,0.10,-0.02,-0.02,33.74,1
4.35,-5.95,-4.96,4.75,0.10,-0.02,-0.02,33.74,4
4.40,-5.97,-4.98,4.76,0.10,-0.02,-0.02,33.74,5
4.45,-5.98,-4.96,4.75,0.10,-0.02,-0.02,33.75,6
4.50,-5.94,-4.97,4.76,0.10,-0.02,-0.02,33.72,7
4.55,-5.96,-4.97,4.74,0.10,-0.02,-0.02,33.73,2
4.60,-5.97,-4.95,4.77,0.10,-0.02,-0.02,33.75,5
4.65,-5.96,-4.97,4.77,0.10,-0.02,-0.02,33.71,4
4.70,-5.98,-4.95,4.75,0.10,-0.02,-0.02,33.73,2
4.75,-5.97,-4.96,4.76,0.10,-0.02,-0.02,33.77,5
4.80,-5.96,-4.93,4.76,0.10,-0.02,-0.02,33.75,3
4.85,-5.96,-4.98,4.77,0.10,-0.02,-0.02,33.77,2
4.90,-5.98,-4.96,4.79,0.10,-0.02,-0.02,33.76,5
4.95,-5.98,-4.96,4.80,0.10,-0.02,-0.02,33.77,4
5.00,-5.96,-4.96,4.79,0.10,-0.02,-0.02,33.78,4
5.05,-5.96,-4.96,4.77,0.10,-0.02,-0.02,33.77,6
5.10,-5.96,-4.96,4.75,0.10,-0.02,-0.02,33.77,3
5.15,-5.97,-4.95,4.79,0.09,-0.02,-0.02,33.76,5
5.20,-5.95,-4.98,4.74,0.09,-0.01,-0.03,33.77,6
5.25,-5.97,-4.98,4.77,0.10,-0.02,-0.02,33.76,4
5.30,-5.97,-4.94,4.80,0.09,-0.02,-0.02,33.75,6
5.35,-5.95,-4.96,4.75,0.10,-0.02,-0.02,33.79,6
5.40,-5.96,-4.96,4.79,0.10,-0.02,-0.02,33.76,4
5.45,-5.95,-4.96,4.76,0.10,-0.02,-0.02,33.77,6
5.50,-5.96,-4.96,4.77,0.10,-0.02,-0.02,33.77,4
5.55,-5.94,-4.97,4.75,0.10,-0.02,-0.02,33.77,5
5.60,-5.96,-4.97,4.74,0.10,-0.02,-0.02,33.78,6
5.65,-5.96,-4.96,4.77,0.10,-0.02,-0.02,33.78,4
5.70,-5.96,-4.98,4.79,0.10,-0.02,-0.02,33.79,4
5.75,-5.96,-4.95,4.78,0.10,-0.02,-0.02,33.80,4
5.80,-5.99,-4.99,4.78,0.10,-0.02,-0.02,33.79,3
5.85,-5.96,-4.97,4.78,0.10,-0.02,-0.02,33.79,8
5.90,-5.95,-4.97,4.76,0.10,-0.02,-0.02,33.81,3
5.95,-5.98,-4.94,4.79,0.10,-0.02,-0.02,33.79,4
6.00,-5.97,-4.97,4.77,0.09,-0.02,-0.03,33.78,6
6.05,-5.96,-4.97,4.76,0.10,-0.02,-0.02,33.79,5
6.10,-5.97,-4.96,4.77,0.10,-0.02,-0.02,33.80,5
6.15,-5.95,-4.96,4.80,0.10,-0.02,-0.02,33.79,7
6.20,-5.99,-4.96,4.75,0.10,-0.02,-0.02,33.80,2
6.25,-5.97,-4.98,4.75,0.10,-0.02,-0.02,33.80,6
6.30,-5.97,-4.95,4.78,0.09,-0.02,-0.02,33.81,6
6.35,-5.97,-4.97,4.78,0.10,-0.02,-0.02,33.80,3
6.40,-5.95,-4.96,4.75,0.10,-0.02,-0.02,33.79,6
6.45,-5.97,-4.97,4.79,0.10,-0.02,-0.02,33.79,4
6.50,-5.99,-4.95,4.79,0.10,-0.02,-0.03,33.81,4
6.55,-5.95,-4.94,4.78,0.09,-0.02,-0.02,33.84,7
6.60,-5.96,-4.96,4.76,0.10,-0.02,-0.02,33.81,3
6.65,-5.97,-4.96,4.80,0.10,-0.02,-0.02,33.79,0
6.70,-5.96,-4.94,4.81,0.10,-0.02,-0.02,33.81,5
6.75,-5.97,-4.94,4.77,0.10,-0.02,-0.02,33.80,3
6.80,-5.95,-4.98,4.80,0.10,-0.02,-0.02,33.81,5
6.85,-5.97,-4.96,4.80,0.10,-0.02,-0.02,33.80,3
6.90,-5.97,-4.95,4.79,0.10,-0.02,-0.02,33.81,2
6.95,-5.96,-4.98,4.76,0.10,-0.02,-0.02,33.81,4
7.00,-5.95,-4.95,4.74,0.10,-0.02,-0.02,33.80,5
7.05,-5.97,-4.97,4.80,0.10,-0.02,-0.02,33.81,1
7.10,-5.95,-4.98,4.78,0.10,-0.02,-0.02,33.84,8
7.15,-5.98,-4.96,4.79,0.10,-0.02,-0.02,33.81,3
7.20,-5.98,-4.97,4.78,0.09,-0.02,-0.02,33.82,3
7.25,-5.97,-4.98,4.74,0.10,-0.02,-0.02,33.84,7
7.30,-5.96,-4.95,4.77,0.10,-0.02,-0.02,33.82,2
7.35,-5.96,-4.98,4.76,0.10,-0.02,-0.02,33.82,3
7.40,-5.97,-4.94,4.80,0.10,-0.02,-0.02,33.82,4
7.45,-5.97,-4.95,4.78,0.10,-0.01,-0.02,33.82,5
7.50,-5.97,-4.94,4.76,0.10,-0.02,-0.02,33.82,4
7.55,-5.97,-4.98,4.75,0.10,-0.02,-0.02,33.82,8
7.60,-5.96,-4.97,4.75,0.10,-0.02,-0.02,33.85,3
7.65,-5.96,-4.96,4.77,0.10,-0.02,-0.02,33.83,8
7.70,-5.98,-4.95,4.76,0.10,-0.02,-0.02,33.83,1
7.75,-5.95,-4.98,4.76,0.10,-0.02,-0.02,33.83,5
7.80,-5.95,-4.96,4.77,0.10,-0.02,-0.02,33.84,6
7.85,-5.96,-4.95,4.78,0.10,-0.02,-0.02,33.83,3
7.90,-5.95,-4.96,4.76,0.10,-0.02,-0.02,33.85,6
7.95,-5.96,-4.95,4.77,0.10,-0.02,-0.02,33.84,5
8.00,-5.95,-4.97,4.80,0.10,-0.02,-0.02,33.86,3
8.05,-5.96,-4.96,4.79,0.10,-0.02,-0.02,33.85,7
8.10,-5.97,-4.94,4.80,0.10,-0.02,-0.02,33.85,6
8.15,-5.97,-4.93,4.77,0.12,-0.03,0.00,33.85,4
8.20,-6.02,-4.83,4.86,0.10,-0.02,-0.02,33.87,6
8.25,-5.96,-4.96,4.77,0.07,-0.01,-0.05,33.86,7
8.30,-5.94,-4.97,4.79,0.09,-0.01,-0.03,33.87,4
8.35,-5.98,-4.93,4.76,0.09,-0.01,-0.03,33.86,7
8.40,-5.96,-4.97,4.79,0.09,-0.01,-0.03,33.86,3
8.45,-5.96,-4.97,4.76,0.09,-0.02,-0.03,33.86,7
8.50,-5.96,-4.99,4.77,0.10,-0.02,-0.02,33.87,4
8.55,-5.96,-4.99,4.75,0.11,-0.02,-0.00,33.87,2
8.60,-5.99,-4.91,4.80,0.12,-0.02,-0.00,33.86,5
8.65,-6.01,-4.91,4.79,0.10,-0.02,-0.02,33.86,3
8.70,-5.95,-4.94,4.75,0.08,-0.02,-0.04,33.87,5
8.75,-5.95,-4.98,4.78,0.09,-0.02,-0.03,33.87,5
8.80,-5.94,-4.98,4.74,0.10,-0.02,-0.02,33.87,2
8.85,-5.96,-4.97,4.77,0.11,-0.02,-0.01,33.87,7
8.90,-6.00,-4.91,4.80,0.09,-0.02,-0.03,33.87,5
8.95,-5.96,-4.97,4.75,0.09,-0.01,-0.03,33.88,5
9.00,-5.98,-4.98,4.76,0.10,-0.02,-0.02,33.86,6
9.05,-5.93,-4.99,4.75,0.11,-0.02,-0.01,33.86,3
9.10,-5.97,-4.92,4.80,0.09,-0.01,-0.03,33.88,3
9.15,-5.97,-4.96,4.80,0.09,-0.02,-0.03,33.89,8
9.20,-5.96,-4.98,4.72,0.10,-0.02,-0.02,33.89,2
9.25,-5.95,-5.00,4.73,0.10,-0.02,-0.02,33.88,5
9.30,-5.99,-4.92,4.81,0.10,-0.02,-0.02,33.87,5
9.35,-6.00,-4.82,5.05,0.06,0.03,-0.06,33.91,4
9.40,-5.88,-5.22,4.53,-0.10,0.09,-0.24,33.89,6
9.45,-5.75,-5.52,4.31,0.10,-0.03,-0.02,33.88,4
9.50,-5.87,-5.23,4.59,0.31,-0.12,0.19,33.86,5
9.55,-5.92,-5.02,4.72,0.22,-0.05,0.09,33.87,8
9.60,-5.91,-4.94,4.75,0.15,-0.08,0.06,33.89,5
9.65,-6.00,-4.82,4.90,0.13,-0.05,0.03,33.89,3
9.70,-5.99,-4.77,4.85,0.14,-0.05,0.03,33.90,7
9.75,-5.96,-4.82,4.81,0.14,-0.06,0.08,33.89,4
9.80,-5.97,-4.68,4.91,0.13,-0.13,0.16,33.89,6
9.85,-5.90,-4.68,4.86,0.12,-0.10,0.12,33.90,7
9.90,-6.21,-4.36,5.11,0.13,-0.08,0.16,33.88,0
9.95,-6.11,-4.30,5.13,0.17,0.05,0.04,33.89,8
10.00,-5.76,-5.29,5.18,0.24,0.11,0.14,33.89,0
10.05,-6.13,-5.07,6.32,0.58,0.35,0.92,33.89,8
10.10,-6.31,-5.71,6.00,1.40,1.21,-0.19,33.88,4
10.15,-5.43,-5.20,4.97,1.86,1.19,-0.85,33.90,5
10.20,-6.31,-5.50,3.80,2.29,0.52,-1.57,33.89,5
10.25,-5.96,-5.32,2.83,1.96,0.76,-1.42,33.91,12
10.30,-7.64,-5.20,1.85,1.29,0.18,-1.55,33.93,3
10.35,-8.03,-6.07,1.60,1.79,0.82,-1.71,33.90,0
10.40,-9.18,-5.31,1.53,2.40,1.44,-1.99,33.89,4
10.45,-9.78,-3.24,1.31,3.27,1.45,-2.51,33.91,9
10.50,-9.66,-1.06,0.58,2.36,0.74,-2.23,33.91,8
10.55,-8.03,-2.83,0.86,2.62,1.13,-1.53,33.92,0
10.60,-6.17,-4.41,3.19,3.10,1.39,-2.06,33.92,9
10.65,-7.80,-4.15,5.15,2.39,1.07,-1.96,33.91,8
10.70,-8.05,-4.51,4.81,1.65,0.53,-1.27,33.92,1
10.75,-7.75,-4.03,5.90,1.17,0.20,-1.09,33.92,3
10.80,-7.40,-2.38,5.94,0.41,-0.49,-0.49,33.89,8
10.85,-6.56,-3.65,5.05,1.04,-0.15,-0.72,33.92,2
10.90,-4.51,-3.50,4.68,1.75,0.34,-0.96,33.91,5
10.95,-4.96,-3.12,5.25,1.33,0.17,-0.92,33.92,2
11.00,-6.70,-3.39,5.99,1.29,-0.13,-0.72,33.92,4
11.05,-5.92,-2.29,5.61,0.90,-0.26,-0.72,33.93,6
11.10,-5.40,-2.42,5.44,0.66,-0.34,-0.53,33.92,6
11.15,-5.94,-3.74,4.23,0.31,-0.25,-0.41,33.93,5
11.20,-5.21,-2.86,4.40,-0.17,0.22,-0.39,33.91,3
11.25,-6.82,-2.85,5.93,-1.01,1.93,-2.07,33.91,3
11.30,-7.24,-4.58,5.11,-0.25,0.45,0.08,33.92,6
11.35,-6.21,-4.20,5.20,-0.01,0.10,-0.20,33.91,4
11.40,-5.73,-4.73,4.89,-0.10,0.08,-0.35,33.93,3
11.45,-5.98,-5.24,4.71,-0.02,-0.05,-0.08,33.94,3
11.50,-5.80,-4.91,4.80,0.08,-0.19,0.27,33.92,4
11.55,-5.97,-4.73,4.95,0.23,-0.19,0.28,33.95,7
11.60,-6.05,-4.46,5.09,0.19,0.04,-0.05,33.92,1
11.65,-6.02,-4.47,5.21,0.28,-0.13,0.03,33.94,2
11.70,-5.70,-4.60,5.22,0.16,0.02,0.05,33.93,5
11.75,-5.78,-4.37,5.22,0.14,0.09,0.13,33.92,5
11.80,-5.99,-4.53,5.14,0.15,0.23,0.24,33.91,2
11.85,-6.17,-5.06,6.39,0.28,0.72,0.59,33.95,6
11.90,-6.96,-4.22,6.40,0.03,2.32,1.53,33.94,4
11.95,-8.12,-2.84,2.93,0.18,3.28,1.99,33.95,1
12.00,-9.05,-1.32,0.42,0.15,3.05,1.53,33.94,0
12.05,-8.76,-0.00,-2.01,0.09,2.87,1.32,33.95,1
12.10,-8.78,1.01,-4.81,0.52,1.83,0.98,33.96,16
12.15,-8.73,0.91,-5.49,0.12,1.18,0.75,33.94,3
12.20,-7.62,1.46,-5.30,-0.20,0.83,0.71,33.92,35
12.25,-8.15,3.20,-5.84,-0.10,0.76,0.49,33.93,5
12.30,-7.89,2.63,-5.77,0.48,0.59,0.25,33.93,0
12.35,-9.05,2.63,-7.54,1.90,0.45,0.45,33.93,3
12.40,-12.56,1.11,-3.27,0.74,-2.24,-0.27,33.94,3
12.45,-8.17,-2.14,1.92,0.54,-1.99,-1.12,33.92,1
12.50,-6.12,-4.34,2.08,0.31,-4.34,-1.29,33.94,6
12.55,-7.81,-3.81,1.85,1.00,-3.96,-1.99,33.94,8
12.60,-10.41,-4.74,2.07,-0.05,-3.57,-2.13,33.93,4
12.65,-11.10,-3.92,3.88,-0.32,-3.00,-1.84,33.93,5
12.70,-10.98,-3.06,4.53,-0.21,-2.38,-1.51,33.92,5
12.75,-9.60,-2.78,2.63,-0.20,-2.08,-1.05,33.94,4
12.80,-7.89,-2.19,1.37,-0.53,-0.86,-0.08,33.94,3
12.85,-3.72,-5.30,7.11,0.95,1.47,0.61,33.95,7
12.90,-6.87,-6.39,5.32,0.03,2.25,-0.13,33.94,2
12.95,-5.45,-3.31,6.06,0.14,1.02,0.53,33.95,9
13.00,-10.48,-5.42,4.09,-0.37,0.28,0.66,33.94,2
13.05,-6.42,-4.69,4.69,0.00,0.00,0.16,33.96,0
13.10,-6.34,-4.63,4.80,0.09,0.05,0.12,33.94,6
13.15,-6.25,-4.57,4.76,0.14,-0.10,0.09,33.94,7
13.20,-6.45,-4.45,4.73,0.16,-0.02,0.14,33.95,3
13.25,-6.35,-4.53,4.73,0.14,0.04,0.14,33.95,0
13.30,-6.44,-4.38,4.61,0.17,0.14,0.18,33.95,6
13.35,-6.64,-4.29,4.73,0.14,0.28,0.27,33.98,5
13.40,-7.01,-4.11,4.92,0.00,0.75,0.40,33.98,4
13.45,-7.41,-4.09,4.59,-0.13,1.29,0.72,33.97,0
13.50,-7.91,-4.48,4.12,-0.21,2.20,1.20,33.97,12
13.55,-8.99,-3.66,3.13,-0.68,3.32,1.86,33.96,0
13.60,-9.63,-1.22,-1.23,-1.51,3.98,1.90,33.96,0
13.65,-7.20,1.06,-5.11,-2.37,2.90,1.11,33.95,5
13.70,-7.31,3.37,-5.94,-1.52,1.61,0.68,33.95,0
13.75,-6.21,3.48,-7.30,-0.38,0.58,0.16,33.97,44
13.80,-6.09,2.55,-7.90,0.17,0.18,0.20,33.97,15
13.85,-7.08,2.80,-6.95,0.11,-0.25,0.21,33.96,0
13.90,-8.47,2.67,-6.04,0.13,-0.27,-0.01,33.97,0
13.95,-8.95,2.09,-5.85,0.56,0.04,0.17,33.96,6
14.00,-14.67,-4.43,-2.06,0.13,-2.61,-1.46,33.99,5
14.05,-7.03,-1.89,1.65,0.84,-2.33,-2.07,33.97,3
14.10,-8.63,-2.50,5.11,0.16,-2.57,-1.87,33.97,5
14.15,-7.71,-2.39,5.15,-0.18,-3.42,-1.49,33.96,6
14.20,-9.83,-3.13,4.77,-0.26,-3.92,-1.92,33.98,3
14.25,-11.81,-3.10,5.44,-0.45,-3.69,-1.41,33.97,4
14.30,-10.99,-3.30,4.77,-0.12,-2.99,-1.30,33.98,7
14.35,-10.74,-2.07,0.85,0.37,-1.84,-1.25,33.97,6
14.40,-11.96,-0.62,-1.76,0.40,0.28,0.33,33.98,6
14.45,-5.66,-5.27,6.73,-0.12,1.76,1.02,33.97,5
14.50,-5.89,-7.64,4.57,-0.68,1.26,0.23,33.97,5
14.55,-5.45,-6.04,4.87,-1.03,0.98,0.15,33.98,7
14.60,-6.19,-5.57,4.78,-0.07,0.11,-0.06,33.98,13
14.65,-5.86,-5.77,4.40,0.09,0.13,0.11,33.97,0
14.70,-5.92,-5.75,4.23,-0.00,0.06,0.07,33.97,3
14.75,-5.77,-5.81,4.13,0.06,-0.03,0.17,33.98,7
14.80,-5.54,-5.82,4.05,0.13,-0.18,0.38,33.97,5
14.85,-5.72,-5.58,4.56,0.47,-0.65,1.02,33.98,0
14.90,-6.34,-4.60,5.21,0.39,0.18,0.05,33.97,10
14.95,-6.26,-4.75,5.15,0.13,0.42,0.22,33.98,3
15.00,-6.65,-4.62,5.59,-0.06,0.94,0.50,34.00,0
15.05,-7.04,-4.78,4.98,-0.13,2.10,1.21,33.98,7
15.10,-7.80,-4.65,3.53,-0.32,2.97,1.90,33.98,8
15.15,-9.43,-1.92,0.15,-0.65,3.91,2.27,33.98,0
15.20,-8.18,0.52,-4.85,-0.27,3.06,1.36,33.97,5
15.25,-7.39,0.14,-6.31,-0.02,1.61,1.13,33.98,7
15.30,-7.90,1.26,-6.00,-0.79,1.04,0.91,33.99,13
15.35,-7.79,2.95,-6.37,-0.66,0.61,0.41,33.99,52
15.40,-7.63,2.64,-6.50,-0.10,0.24,0.21,33.98,0
15.45,-7.72,2.44,-6.42,-0.33,0.35,0.09,34.00,12
15.50,-8.42,2.45,-6.92,-0.74,0.16,-0.25,33.97,6
15.55,-14.12,-3.47,-1.50,0.07,-2.30,-1.81,33.98,8
15.60,-6.83,-0.91,1.55,1.51,-2.49,-1.59,34.00,9
15.65,-6.85,-3.50,3.66,1.14,-2.99,-1.28,33.99,2
15.70,-7.20,-5.63,3.31,1.46,-2.95,-1.81,33.99,2
15.75,-9.82,-6.56,3.88,1.34,-2.90,-2.34,34.01,7
15.80,-10.32,-7.04,4.22,1.08,-2.92,-2.57,33.98,3
15.85,-10.73,-5.39,4.07,0.52,-2.78,-2.20,33.98,8
15.90,-10.75,-3.13,2.34,-0.04,-2.14,-1.38,33.99,5
15.95,-10.72,-2.09,-1.73,-0.19,-0.80,-0.65,34.00,3
16.00,0.45,-5.82,7.33,0.83,1.99,1.10,33.99,4
16.05,-8.05,-5.31,6.34,-0.27,2.40,0.91,34.00,2
16.10,-6.40,-4.57,5.51,0.25,0.90,0.48,34.00,8
16.15,-7.19,-4.88,5.05,-0.18,0.22,0.26,34.00,0
16.20,-6.17,-4.39,4.96,0.05,0.10,0.11,33.99,5
16.25,-6.26,-4.61,4.65,-0.16,-0.09,0.16,34.00,1
16.30,-6.30,-4.70,4.71,0.16,-0.19,0.06,34.02,1
16.35,-6.19,-4.49,4.93,0.20,0.00,0.20,33.99,5
16.40,-6.33,-4.54,5.01,0.13,0.14,0.19,34.02,7
16.45,-6.47,-4.15,4.86,0.18,0.30,0.29,34.01,1
16.50,-6.85,-4.05,5.09,0.07,0.71,0.42,34.01,4
16.55,-7.26,-4.59,5.79,-0.05,1.62,0.96,34.01,6
16.60,-8.10,-3.83,3.60,-0.04,2.56,1.74,34.00,34
16.65,-8.96,-2.11,1.91,-0.11,3.15,1.94,34.00,2
16.70,-8.98,-0.11,-1.65,0.07,3.11,1.52,34.01,0
16.75,-8.00,0.48,-4.66,0.46,2.32,1.36,34.00,4
16.80,-8.16,1.47,-6.16,0.00,1.75,0.99,34.02,6
16.85,-7.95,2.30,-6.40,-0.28,1.04,0.53,34.02,0
16.90,-7.30,3.06,-6.70,0.01,0.52,0.29,34.01,0
16.95,-7.08,3.24,-7.24,0.31,0.29,0.11,34.02,24
17.00,-7.34,2.38,-6.90,0.68,0.14,0.14,34.02,3
17.05,-7.98,2.14,-7.00,0.42,0.10,-0.09,34.00,28
17.10,-9.61,1.43,-6.51,0.32,0.11,-0.09,34.00,6
17.15,-12.70,-0.94,-3.33,-0.26,-0.03,-0.70,34.02,0
17.20,-11.33,-3.27,-0.27,0.46,-3.60,-1.81,34.01,7
17.25,-7.35,-3.67,3.68,-0.13,-1.80,-1.43,34.01,6
17.30,-6.54,-3.32,3.01,0.24,-3.50,-1.65,34.02,9
17.35,-10.78,-4.59,2.89,0.27,-4.03,-1.99,34.02,6
17.40,-11.64,-4.38,2.38,0.04,-3.64,-2.13,34.01,4
17.45,-11.82,-3.50,3.34,-0.34,-3.34,-1.84,34.02,5
17.50,-12.08,-2.81,3.79,-0.10,-2.44,-1.47,34.01,4
17.55,-9.95,-1.36,2.11,-0.44,-1.67,0.01,34.03,5
17.60,-7.44,-1.75,1.19,0.26,0.21,0.60,34.01,3
17.65,-5.88,-5.40,5.86,-0.22,1.35,1.67,34.00,9
17.70,-7.95,-7.67,4.48,-0.71,1.65,0.90,34.01,9
17.75,-9.03,-6.78,4.19,0.04,0.66,0.30,33.99,4
17.80,-6.27,-5.10,4.66,0.30,0.16,0.08,34.02,4
17.85,-5.91,-5.06,4.50,-0.03,-0.12,0.35,34.02,6
17.90,-5.91,-5.12,4.39,-0.15,-0.16,0.01,34.02,5
17.95,-6.22,-5.10,4.64,0.06,-0.26,0.03,34.04,4
18.00,-6.03,-5.01,4.64,0.12,-0.04,-0.07,34.04,4
18.05,-5.82,-5.20,4.51,0.10,-0.03,0.07,34.03,0
18.10,-6.11,-5.00,4.75,0.09,0.05,0.18,34.02,4
18.15,-6.13,-5.14,4.53,-0.03,0.22,0.19,34.03,9
18.20,-6.43,-4.90,4.88,-0.09,0.45,0.28,34.03,0
18.25,-6.76,-5.35,5.04,-0.26,1.23,0.55,34.03,4
18.30,-7.29,-5.34,4.53,-0.50,2.43,1.33,34.04,0
18.35,-8.07,-4.32,2.05,-1.13,3.59,1.88,34.03,36
18.40,-8.97,-1.70,-2.70,-1.43,3.58,1.51,34.02,0
18.45,-8.09,-0.91,-5.64,-1.44,2.45,1.01,34.04,0
18.50,-8.02,0.22,-6.85,-1.99,1.59,0.65,34.06,18
18.55,-7.02,1.75,-6.68,-1.57,1.02,0.38,34.04,0
18.60,-6.69,2.47,-7.53,-0.39,0.40,0.24,34.04,0
18.65,-6.82,2.30,-8.09,0.37,0.09,0.16,34.04,0
18.70,-7.38,1.40,-7.58,0.18,-0.04,-0.02,34.04,6
18.75,-9.17,0.69,-7.69,-0.08,-0.05,0.06,34.03,5
18.80,-12.40,-1.85,-3.14,-1.30,-0.51,-0.90,34.04,4
18.85,-12.22,-2.78,-0.02,0.42,-3.59,-2.38,34.03,6
18.90,-8.66,-2.98,3.91,-0.19,-2.12,-1.13,34.04,5
18.95,-7.06,-2.79,3.89,0.28,-3.57,-1.63,34.04,5
19.00,-9.51,-3.64,4.12,0.47,-4.02,-2.02,34.03,5
19.05,-11.36,-4.39,3.80,0.30,-3.48,-1.68,34.02,4
19.10,-11.47,-4.77,3.65,0.01,-2.99,-1.62,34.03,4
19.15,-10.58,-3.15,3.05,-0.05,-2.25,-1.42,34.04,10
19.20,-8.74,-2.07,1.23,-0.17,-1.46,-0.68,34.05,2
19.25,-8.43,-1.65,-0.32,-0.11,-0.08,0.28,34.03,6
19.30,-4.66,-5.55,6.18,0.08,1.93,1.54,34.05,1
19.35,-6.58,-5.73,5.64,-0.57,1.77,0.63,34.06,3
19.40,-6.76,-5.18,5.08,-0.18,1.04,0.37,34.04,1
19.45,-6.89,-5.48,4.62,-0.11,-0.01,-0.02,34.04,2
19.50,-5.69,-5.56,4.51,0.09,-0.12,0.10,34.07,1
19.55,-5.54,-5.30,4.60,0.18,-0.27,0.43,34.04,0
19.60,-6.34,-4.67,4.88,0.32,-0.16,0.30,34.05,6
19.65,-5.92,-4.83,4.98,0.26,-0.01,0.26,34.05,7
19.70,-6.16,-4.57,4.96,0.14,0.14,0.20,34.04,7
19.75,-6.33,-4.51,4.96,0.19,0.28,0.35,34.06,8
19.80,-6.67,-4.35,5.63,0.23,0.76,0.63,34.07,4
19.85,-7.30,-4.53,6.15,-0.01,2.02,1.23,34.06,8
19.90,-8.11,-3.83,3.33,0.06,3.14,1.88,34.07,9
19.95,-9.38,-1.84,0.47,-0.10,3.35,2.10,34.05,0
20.00,-8.51,0.09,-2.43,-0.15,2.91,1.61,34.05,9
20.05,-7.98,1.13,-4.73,-0.25,2.16,1.18,34.06,17
20.10,-7.93,2.08,-5.19,-0.38,1.65,0.85,34.05,0
20.15,-7.24,3.71,-6.90,0.12,1.35,0.65,34.08,0
20.20,-6.67,2.89,-7.92,0.37,0.67,0.22,34.04,0
20.25,-6.70,2.07,-7.97,-0.18,0.07,0.03,34.07,24
20.30,-7.61,2.49,-6.23,-0.61,-0.06,-0.02,34.07,1
20.35,-8.69,2.87,-5.74,1.01,-0.09,-0.21,34.06,14
20.40,-10.10,1.41,-6.85,0.21,0.33,-0.27,34.07,4
20.45,-15.00,-2.00,-0.59,1.12,-1.78,-1.81,34.07,1
20.50,-3.14,-1.86,3.04,0.17,-4.37,-1.38,34.07,5
20.55,-6.24,-4.23,3.85,0.69,-4.05,-2.08,34.07,7
20.60,-11.21,-5.61,4.95,0.69,-3.80,-2.68,34.05,8
20.65,-11.57,-5.69,5.88,0.59,-3.38,-2.59,34.07,4
20.70,-12.96,-4.29,5.79,0.66,-3.54,-2.52,34.07,7
20.75,-12.99,-0.90,-1.03,-0.50,-2.29,-0.80,34.08,7
20.80,-8.47,-2.55,-0.73,0.63,0.52,0.08,34.08,2
20.85,-2.98,-6.70,6.37,0.20,1.70,1.31,34.07,7
20.90,-7.98,-1.77,8.20,-0.38,2.14,0.48,34.08,2
20.95,-5.79,-4.72,5.51,-0.21,1.16,0.36,34.07,10
21.00,-8.09,-6.88,4.09,-0.14,0.71,0.42,34.09,0
21.05,-6.45,-4.74,4.77,0.01,0.01,0.10,34.09,9
21.10,-6.33,-4.83,4.60,0.05,-0.14,0.17,34.08,6
21.15,-5.95,-4.81,4.65,0.23,-0.43,0.25,34.08,2
21.20,-6.18,-4.56,4.99,0.29,-0.13,0.27,34.11,9
21.25,-6.08,-4.52,5.12,0.15,0.18,0.29,34.09,8
21.30,-6.50,-4.19,5.04,0.12,0.39,0.30,34.10,0
21.35,-6.85,-3.84,5.33,0.15,0.57,0.44,34.08,3
21.40,-7.27,-4.55,5.84,0.04,1.48,0.89,34.10,9
21.45,-7.85,-3.93,4.33,0.01,2.73,1.76,34.07,10
21.50,-9.03,-2.21,1.95,-0.16,3.40,2.03,34.07,1
21.55,-8.43,-0.68,-1.63,-0.07,3.18,1.81,34.11,2
21.60,-7.95,1.72,-4.56,-0.04,2.49,1.45,34.09,31
21.65,-8.06,2.72,-5.38,-0.33,2.04,0.64,34.07,25
21.70,-8.03,2.31,-6.56,-0.09,1.48,0.25,34.07,0
21.75,-6.55,2.22,-7.84,0.06,0.70,0.15,34.08,0
21.80,-6.22,2.61,-8.02,0.04,0.17,0.13,34.09,0
21.85,-6.96,2.57,-7.17,-0.03,-0.02,0.10,34.07,18
21.90,-7.48,3.01,-6.89,-0.09,0.08,-0.08,34.08,0
21.95,-7.76,2.41,-7.24,0.06,0.10,-0.14,34.08,57
22.00,-8.85,1.95,-7.41,-0.61,-0.11,-0.30,34.08,6
22.05,-11.03,-2.89,-2.32,1.21,-2.55,-1.24,34.08,5
22.10,-12.96,-3.52,0.20,0.21,-1.05,-1.47,34.07,5
22.15,-7.86,-0.43,2.11,0.90,-2.34,-1.66,34.09,5
22.20,-7.59,-3.51,3.94,0.62,-3.57,-1.76,34.08,13
22.25,-8.76,-4.53,4.84,0.58,-3.95,-2.41,34.10,5
22.30,-14.16,-4.64,4.83,-0.04,-3.79,-1.70,34.07,4
22.35,-11.57,-3.41,4.98,0.18,-2.77,-1.89,34.09,12
22.40,-9.66,-2.94,2.50,0.38,-2.28,-1.19,34.08,2
22.45,-8.44,-1.77,0.49,0.28,-1.12,-0.89,34.10,5
22.50,-5.61,-3.37,2.43,0.61,0.29,-0.35,34.10,5
22.55,3.17,-6.08,7.75,-0.35,0.71,0.76,34.13,4
22.60,-7.15,-5.42,6.60,-0.59,2.32,0.57,34.10,1
22.65,-5.46,-5.62,5.58,-0.40,1.18,0.46,34.09,8
22.70,-6.36,-5.63,5.05,-0.39,1.24,0.27,34.08,2
22.75,-6.56,-5.10,4.88,0.09,0.32,0.13,34.09,10
22.80,-6.01,-5.14,4.71,-0.07,-0.09,0.05,34.11,2
22.85,-6.01,-5.22,4.52,-0.05,-0.21,0.16,34.09,4
22.90,-6.02,-5.13,4.53,0.08,-0.09,0.10,34.11,7
22.95,-5.85,-5.04,4.65,0.28,-0.24,0.38,34.09,6
23.00,-6.17,-4.81,4.87,0.23,0.11,0.36,34.10,6
23.05,-6.35,-4.73,4.99,0.14,0.39,0.33,34.10,12
23.10,-6.63,-4.52,5.23,0.05,0.72,0.41,34.11,0
23.15,-7.10,-4.78,5.35,-0.07,1.55,0.89,34.11,5
23.20,-7.77,-4.76,4.05,-0.13,2.71,1.59,34.12,0
23.25,-9.19,-3.51,2.68,-0.46,3.69,2.16,34.12,0
23.30,-8.63,-0.15,-2.50,-0.35,3.62,2.09,34.11,0
23.35,-7.57,1.19,-5.40,-0.52,2.74,1.46,34.09,10
23.40,-6.87,2.55,-6.05,-0.70,2.07,0.73,34.09,12
23.45,-5.69,3.51,-8.18,0.26,1.08,0.35,34.10,4
23.50,-5.57,2.37,-8.95,0.74,0.38,0.19,34.09,14
23.55,-6.52,1.58,-8.41,0.03,-0.13,0.16,34.11,15
23.60,-7.12,2.79,-7.28,-0.33,-0.16,0.03,34.10,22
23.65,-7.32,1.87,-7.16,0.07,-0.04,0.02,34.10,0
23.70,-6.97,2.93,-7.39,0.08,0.07,-0.02,34.11,0
23.75,-7.02,2.52,-7.57,0.34,0.11,-0.02,34.10,60
23.80,-6.59,2.72,-7.58,0.28,0.08,-0.02,34.13,40
23.85,-6.44,2.62,-7.45,0.71,0.18,0.00,34.11,17
23.90,-8.04,1.75,-7.80,0.88,0.09,-0.24,34.10,0
23.95,-12.26,-1.20,-7.77,1.45,-0.86,-0.72,34.11,6
24.00,-13.74,-5.37,1.51,0.11,-3.21,-1.40,34.12,8
24.05,-7.62,-3.31,5.16,-1.06,-2.69,-1.03,34.13,7
24.10,-6.76,-3.24,4.14,-0.13,-4.30,-1.90,34.10,6
24.15,-10.38,-3.71,4.01,-0.06,-4.37,-2.27,34.12,5
24.20,-14.13,-5.28,3.98,0.08,-4.21,-2.29,34.12,5
24.25,-14.03,-5.03,3.70,1.00,-3.23,-2.65,34.11,6
24.30,-12.24,-2.17,-2.47,0.21,-2.01,-1.66,34.10,5
24.35,-11.63,-0.79,-5.48,0.33,0.75,-0.24,34.10,5
24.40,-7.64,-1.41,8.10,-0.55,2.96,1.32,34.11,6
24.45,-8.79,-6.46,5.09,-0.26,1.44,0.36,34.13,3
24.50,-6.62,-5.73,4.61,-0.09,0.46,0.37,34.12,5
24.55,-6.05,-5.09,4.56,0.15,-0.02,0.48,34.13,4
24.60,-5.91,-5.21,4.46,0.24,-0.08,0.38,34.12,4
24.65,-6.16,-4.59,4.70,0.16,0.02,0.12,34.12,5
24.70,-6.52,-4.55,4.77,0.01,-0.26,0.09,34.13,0
24.75,-6.09,-4.62,4.91,0.24,-0.18,0.11,34.11,5
24.80,-5.90,-4.47,4.98,0.20,0.09,0.19,34.11,13
24.85,-6.31,-4.44,4.94,0.15,0.31,0.24,34.13,0
24.90,-6.70,-4.20,5.47,0.19,0.51,0.45,34.13,17
24.95,-7.07,-4.52,6.15,-0.07,2.03,1.20,34.14,0
25.00,-7.95,-4.38,3.78,-0.04,3.05,1.89,34.13,6
25.05,-8.97,-1.28,1.01,-0.24,3.72,2.46,34.13,0
25.10,-8.18,0.93,-3.07,0.01,3.22,1.75,34.14,15
25.15,-7.63,1.75,-5.88,-0.11,2.03,1.14,34.16,34
25.20,-7.80,2.51,-5.63,-0.52,1.26,0.63,34.15,0
25.25,-7.69,3.57,-6.12,0.03,0.83,0.34,34.14,0
25.30,-7.87,2.63,-6.88,0.31,0.39,0.04,34.13,0
25.35,-7.64,2.50,-7.02,-0.06,0.34,0.09,34.14,13
25.40,-7.36,3.37,-7.04,0.09,0.20,0.02,34.14,2
25.45,-7.39,2.79,-7.30,0.10,0.20,-0.00,34.14,34
25.50,-7.19,2.89,-7.73,0.30,-0.01,0.11,34.13,0
25.55,-7.51,2.48,-6.90,0.12,-0.20,-0.03,34.15,0
25.60,-7.46,2.84,-6.70,-0.43,0.10,-0.05,34.16,39
25.65,-7.35,3.48,-6.65,0.36,0.13,0.05,34.15,0
25.70,-8.12,2.84,-7.23,1.47,0.01,0.20,34.14,15
25.75,-11.65,-1.05,-4.32,2.01,0.25,-0.38,34.12,8
25.80,-13.46,-2.66,-1.43,0.36,-2.34,-1.27,34.14,8
25.85,-6.69,-2.17,3.25,-0.49,-3.81,-1.29,34.13,2
25.90,-6.38,-3.60,3.35,0.25,-4.27,-1.86,34.13,3
25.95,-9.96,-4.19,3.44,0.12,-4.15,-2.02,34.14,9
26.00,-10.36,-4.87,3.52,0.28,-3.70,-2.30,34.14,5
26.05,-11.93,-3.97,5.51,0.23,-3.38,-2.30,34.14,6
26.10,-11.46,-2.64,2.60,-0.07,-2.82,-1.21,34.13,1
26.15,-9.36,-1.92,-0.49,-0.12,-0.98,-0.23,34.13,3
26.20,-6.54,-3.57,1.74,0.48,0.69,-0.20,34.12,6
26.25,-6.22,-4.26,6.82,0.05,2.11,1.19,34.14,8
26.30,-6.75,-7.48,4.88,-0.54,1.71,0.63,34.13,8
26.35,-5.94,-4.39,5.51,-0.09,1.07,0.60,34.13,11
26.40,-7.59,-3.97,5.27,0.06,0.24,0.43,34.14,8
26.45,-6.24,-4.81,4.63,0.12,0.00,0.17,34.14,4
26.50,-6.44,-4.60,4.70,-0.04,-0.26,0.20,34.16,0
26.55,-6.25,-4.54,4.87,0.01,-0.35,0.28,34.14,2
26.60,-6.11,-4.40,4.98,0.19,-0.05,0.16,34.17,3
26.65,-6.10,-4.30,4.98,0.31,0.09,0.12,34.14,2
26.70,-6.45,-4.24,5.17,0.30,0.35,0.30,34.17,4
26.75,-6.77,-4.57,6.92,0.27,0.99,0.86,34.16,2
26.80,-7.19,-4.51,5.78,0.08,3.05,1.69,34.17,14
26.85,-8.94,-3.39,2.94,0.21,3.67,2.50,34.14,2
26.90,-7.99,0.18,-0.86,0.02,3.60,2.24,34.16,4
26.95,-7.53,2.14,-3.99,0.33,2.88,1.68,34.16,4
27.00,-7.20,2.85,-6.28,-0.09,2.24,0.70,34.16,0
27.05,-6.93,3.70,-7.45,-0.10,1.39,0.18,34.15,7
27.10,-6.35,3.14,-8.21,0.42,0.77,-0.02,34.15,47
27.15,-6.81,2.27,-7.89,0.15,0.37,0.01,34.14,3
27.20,-6.74,2.57,-7.77,0.41,0.11,0.09,34.15,0
27.25,-7.09,2.36,-7.64,0.18,0.18,-0.06,34.15,20
27.30,-6.62,2.15,-7.51,0.14,0.15,-0.06,34.14,0
27.35,-6.12,2.88,-7.64,0.53,0.16,-0.01,34.16,14
27.40,-6.14,2.24,-8.22,0.74,0.12,0.00,34.15,1
27.45,-6.64,1.44,-8.70,0.42,-0.06,-0.01,34.13,6
27.50,-7.72,1.07,-7.88,-0.43,-0.31,-0.07,34.16,0
27.55,-9.83,-1.13,-6.63,-0.94,-0.49,-0.38,34.14,0
27.60,-10.40,-1.21,-2.78,0.01,-0.54,-0.09,34.16,7
27.65,-12.59,-1.58,1.18,1.53,-3.45,-2.59,34.14,4
27.70,-7.06,-2.94,2.72,0.59,-3.84,-1.70,34.15,8
27.75,-7.18,-4.49,2.60,0.60,-3.81,-1.76,34.14,3
27.80,-10.72,-4.34,3.70,0.43,-3.95,-2.19,34.15,3
27.85,-11.99,-5.10,5.09,0.31,-3.66,-1.98,34.17,4
27.90,-12.24,-4.21,5.11,0.67,-3.05,-2.01,34.15,7
27.95,-10.27,-2.74,0.57,-0.25,-2.29,-0.73,34.15,3
28.00,-7.17,-3.19,0.22,-0.41,-0.56,0.16,34.18,3
28.05,-6.00,-4.09,1.24,0.05,0.87,0.05,34.17,0
28.10,-8.60,-2.18,7.94,-0.43,2.33,1.24,34.16,8
28.15,-7.45,-6.78,5.21,-0.07,1.58,0.75,34.16,3
28.20,-6.39,-4.85,5.39,-0.05,0.89,0.47,34.16,2
28.25,-9.02,-5.06,5.06,0.03,0.41,0.41,34.15,6
28.30,-6.31,-4.73,4.64,0.08,0.10,0.06,34.17,1
28.35,-6.30,-4.75,4.58,-0.23,-0.09,0.04,34.18,3
28.40,-6.02,-4.85,4.76,0.12,-0.37,0.18,34.16,3
28.45,-6.15,-4.62,4.87,0.16,-0.03,0.23,34.16,4
28.50,-6.20,-4.60,4.95,0.16,0.22,0.36,34.15,4
28.55,-6.58,-4.36,5.11,0.21,0.50,0.52,34.17,0
28.60,-7.07,-4.39,5.54,0.02,1.30,0.80,34.15,7
28.65,-7.72,-4.99,5.10,-0.05,2.90,1.80,34.17,4
28.70,-9.37,-2.68,2.36,-0.26,3.67,2.50,34.15,0
28.75,-8.75,0.09,-1.30,-0.30,3.76,2.09,34.17,0
28.80,-7.39,1.61,-4.84,-0.35,3.03,1.70,34.18,0
28.85,-7.87,3.51,-5.93,-0.91,2.22,0.43,34.18,6
28.90,-5.46,4.11,-8.59,0.23,1.05,0.15,34.18,0
28.95,-5.27,3.08,-8.80,0.49,0.32,0.03,34.16,50
29.00,-5.97,2.54,-8.54,0.15,-0.29,0.05,34.16,31
29.05,-7.52,1.85,-6.25,-0.11,-0.38,-0.03,34.17,4
29.10,-7.48,2.59,-6.04,0.11,-0.16,-0.09,34.18,3
29.15,-7.17,2.40,-6.55,0.58,0.03,-0.05,34.16,0
29.20,-7.24,1.89,-7.32,0.49,0.14,-0.10,34.17,35
29.25,-7.44,1.47,-6.90,0.08,0.10,-0.06,34.17,36
29.30,-7.55,2.57,-7.38,0.10,0.26,-0.08,34.16,1
29.35,-9.49,0.85,-6.71,-0.32,0.40,0.05,34.17,2
29.40,-14.75,-5.25,-3.99,0.35,-1.91,-0.94,34.17,3
29.45,-12.15,-3.99,3.25,0.76,-3.92,-2.36,34.15,4
29.50,-6.96,-2.91,6.15,0.51,-4.31,-1.93,34.14,10
29.55,-7.97,-3.71,4.76,0.96,-4.37,-2.40,34.15,6
29.60,-13.25,-3.71,4.66,0.69,-4.37,-2.32,34.16,2
29.65,-13.92,-4.61,3.40,0.92,-3.85,-2.36,34.16,5
29.70,-12.00,-2.94,0.29,0.74,-2.13,-1.83,34.17,1
29.75,-11.54,-2.67,-2.81,0.36,-0.11,-0.36,34.19,5
29.80,-3.65,-4.53,8.74,-0.47,1.67,0.86,34.16,12
29.85,-5.94,-6.52,5.78,-1.24,2.11,0.62,34.17,6
29.90,-7.45,-5.36,5.47,-0.08,1.07,0.31,34.18,9
29.95,-5.78,-4.82,5.09,-0.33,0.83,-0.10,34.17,0
30.00,-6.28,-5.38,4.50,-0.03,0.29,-0.05,34.17,9
30.05,-5.87,-5.64,4.20,0.08,-0.05,0.16,34.17,6
30.10,-6.16,-5.16,4.60,0.37,-0.34,0.51,34.17,6
30.15,-5.77,-5.04,4.64,0.12,-0.22,0.23,34.18,2
30.20,-6.08,-4.59,4.93,0.27,-0.05,0.21,34.18,3
30.25,-6.18,-4.68,4.87,0.07,0.30,0.12,34.17,6
30.30,-6.57,-4.57,4.91,-0.05,0.48,0.22,34.17,1
30.35,-6.71,-4.42,5.05,-0.06,0.77,0.41,34.19,9
30.40,-7.13,-4.83,4.78,-0.08,1.42,0.80,34.18,5
30.45,-7.73,-5.41,4.89,-0.21,2.99,1.90,34.17,0
30.50,-9.00,-2.51,0.45,-0.40,3.62,2.42,34.19,2
30.55,-8.83,-0.22,-3.20,-0.24,3.24,1.94,34.17,31
30.60,-7.86,1.43,-4.83,-0.38,2.44,1.35,34.17,41
30.65,-7.77,2.60,-5.43,-0.60,2.28,0.56,34.18,26
30.70,-6.08,3.15,-7.87,0.41,1.40,0.20,34.18,0
30.75,-5.86,0.96,-9.10,1.18,0.64,0.25,34.17,0
30.80,-5.56,1.43,-9.25,0.30,0.03,0.22,34.16,12
30.85,-6.45,1.81,-7.76,-0.06,-0.14,0.17,34.17,45
30.90,-6.76,2.24,-7.39,0.30,0.04,0.07,34.17,0
30.95,-6.74,1.63,-8.18,0.33,0.13,-0.06,34.16,0
31.00,-6.56,1.25,-8.43,0.07,0.01,0.01,34.16,0
31.05,-6.79,1.70,-8.30,-0.25,-0.03,-0.13,34.17,0
31.10,-7.35,1.70,-8.52,-0.23,-0.06,-0.17,34.19,29
31.15,-8.86,1.08,-6.98,-1.20,0.04,-0.35,34.17,0
31.20,-10.55,-0.88,-4.27,-0.22,-0.17,-0.10,34.20,6
31.25,-13.01,0.02,-3.39,1.04,-1.79,-1.54,34.19,5
31.30,-5.70,-0.85,1.02,0.97,-4.16,-1.56,34.19,5
31.35,-5.58,-3.87,2.66,0.94,-4.37,-1.35,34.17,6
31.40,-8.45,-5.00,3.34,0.91,-3.93,-2.46,34.20,7
31.45,-11.52,-5.70,2.78,0.30,-3.86,-2.20,34.17,6
31.50,-12.49,-4.94,3.11,-0.18,-3.17,-2.08,34.19,5
31.55,-10.78,-2.88,2.84,-0.18,-2.50,-1.64,34.19,5
31.60,-8.27,-2.37,-0.05,-0.02,-1.22,-0.85,34.19,4
31.65,-7.66,-2.24,0.74,0.39,0.68,-0.03,34.19,7
31.70,-4.57,-4.36,6.05,0.83,2.79,1.68,34.19,1
31.75,-8.59,-3.89,6.62,-0.40,2.22,0.87,34.19,3
31.80,-10.67,-3.76,6.85,-0.00,0.85,0.66,34.19,0
31.85,-6.49,-4.67,4.64,0.04,0.10,0.14,34.18,0
31.90,-6.18,-4.76,4.70,0.05,0.11,0.05,34.19,8
31.95,-6.45,-4.79,4.49,-0.11,0.03,-0.04,34.19,2
32.00,-6.36,-4.61,4.71,0.03,-0.21,0.19,34.18,6
32.05,-6.41,-4.43,4.70,0.14,0.02,0.16,34.22,4
32.10,-6.44,-4.41,4.69,0.14,0.15,0.16,34.22,3
32.15,-6.55,-4.62,4.86,0.16,0.42,0.31,34.22,8
32.20,-7.06,-4.21,5.35,-0.31,1.04,0.60,34.21,5
32.25,-7.81,-3.99,4.64,-0.28,2.15,1.16,34.19,7
32.30,-8.20,-3.70,2.06,-0.23,2.85,1.50,34.20,4
32.35,-9.79,-2.72,0.01,-0.25,3.22,2.03,34.21,0
32.40,-8.17,0.38,-3.28,-0.38,2.85,1.60,34.18,2
32.45,-8.14,1.03,-5.34,-0.20,2.05,1.15,34.19,5
32.50,-7.75,1.60,-6.16,-0.54,1.47,0.62,34.19,0
32.55,-7.18,2.22,-7.03,-0.30,1.07,0.55,34.21,4
32.60,-6.72,2.81,-7.61,-0.38,0.57,0.20,34.20,8
32.65,-6.96,3.43,-7.47,-0.40,0.28,0.01,34.21,1
32.70,-6.42,3.05,-7.24,0.09,0.08,0.09,34.19,32
32.75,-6.48,3.05,-7.58,0.15,-0.02,0.07,34.21,5
32.80,-6.68,3.08,-7.24,0.38,-0.10,0.16,34.19,8
32.85,-7.48,2.70,-6.95,0.47,-0.10,0.05,34.19,8
32.90,-9.51,1.70,-7.32,0.28,-0.00,0.01,34.21,6
32.95,-14.89,0.32,0.11,-0.06,-3.33,-1.12,34.20,5
33.00,-6.89,-2.63,3.48,0.44,-3.72,-2.09,34.22,10
33.05,-7.99,-0.20,4.34,0.52,-4.12,-1.19,34.22,4
33.10,-8.94,-4.62,3.01,0.83,-3.48,-2.33,34.21,6
33.15,-11.64,-4.33,3.56,0.49,-3.07,-2.33,34.22,6
33.20,-10.90,-4.42,5.35,0.10,-3.06,-2.12,34.20,7
33.25,-10.42,-3.08,5.37,-0.14,-2.71,-1.50,34.21,3
33.30,-8.78,-2.48,2.60,-0.75,-1.91,-0.56,34.22,8
33.35,-6.15,-2.51,1.88,-0.12,-0.29,-0.20,34.20,4
33.40,-3.73,-5.11,5.51,0.43,1.03,0.44,34.22,4
33.45,-5.57,-2.79,7.61,-0.07,2.44,0.66,34.22,0
33.50,-8.95,-8.53,4.19,-0.67,2.06,0.68,34.22,1
33.55,-7.68,-4.75,5.29,-0.11,0.60,0.19,34.23,6
33.60,-6.30,-5.44,4.61,-0.28,-0.01,-0.09,34.22,3
33.65,-5.79,-5.44,4.40,-0.16,0.04,-0.03,34.22,0
33.70,-5.56,-5.82,4.18,0.05,-0.01,0.13,34.23,9
33.75,-6.09,-5.28,4.43,0.15,-0.09,0.26,34.22,2
33.80,-5.51,-5.50,4.16,0.33,-0.42,0.75,34.22,2
33.85,-6.23,-4.81,4.83,0.10,0.08,0.16,34.22,4
33.90,-6.50,-4.57,5.05,0.16,0.23,0.14,34.23,6
33.95,-6.46,-4.95,4.66,0.12,0.46,0.21,34.23,8
34.00,-6.79,-5.10,4.83,0.15,0.95,0.72,34.23,8
34.05,-7.48,-5.28,5.42,0.07,2.35,1.65,34.23,4
34.10,-8.24,-4.54,2.65,0.09,3.60,2.81,34.24,1
34.15,-8.58,0.71,-1.56,0.12,3.54,2.42,34.23,10
34.20,-8.32,2.24,-4.78,0.67,2.70,1.60,34.23,0
34.25,-7.47,2.48,-6.21,0.05,2.06,0.71,34.23,38
34.30,-6.97,3.17,-7.01,-0.41,1.75,0.27,34.24,7
34.35,-6.16,3.15,-7.78,0.17,1.14,0.07,34.24,0
34.40,-6.74,1.54,-9.05,0.62,0.30,0.12,34.21,14
34.45,-6.24,2.52,-8.14,-0.34,-0.10,-0.02,34.22,18
34.50,-6.44,3.28,-7.69,0.48,0.06,0.08,34.21,0
34.55,-6.55,2.62,-7.92,0.38,0.22,-0.11,34.22,0
34.60,-6.35,1.77,-8.02,0.34,0.16,-0.24,34.22,0
34.65,-6.56,1.89,-9.08,0.54,0.03,-0.09,34.22,0
34.70,-7.92,0.46,-8.15,0.05,-0.25,-0.09,34.22,2
34.75,-12.54,-3.62,-4.37,0.15,-1.12,-0.99,34.21,8
34.80,-12.90,-2.29,-0.53,0.59,-2.44,-1.88,34.23,7
34.85,-8.23,-2.01,4.61,0.00,-3.69,-1.94,34.24,4
34.90,-6.92,-3.39,4.81,0.32,-4.37,-1.94,34.21,3
34.95,-11.03,-4.22,4.68,0.51,-4.37,-2.21,34.22,5
35.00,-12.94,-5.73,3.66,1.00,-4.02,-2.25,34.24,6
35.05,-12.22,-5.42,2.74,1.02,-2.73,-2.27,34.24,4
35.10,-11.07,-2.52,-2.02,0.22,-1.40,-0.68,34.24,6
35.15,-3.66,-2.09,4.49,0.50,0.99,0.87,34.22,7
35.20,-7.29,-3.94,7.28,-0.89,2.84,0.91,34.21,0
35.25,-9.61,-6.73,5.12,-0.09,1.67,0.68,34.23,9
35.30,-6.58,-4.50,5.16,0.00,0.49,0.59,34.23,2
35.35,-6.80,-4.38,4.95,0.07,0.14,0.07,34.23,9
35.40,-6.17,-4.78,4.73,-0.13,-0.17,0.03,34.24,0
35.45,-6.35,-4.68,4.66,0.14,-0.10,0.05,34.22,5
35.50,-6.36,-4.41,4.78,0.36,-0.18,0.06,34.22,8
35.55,-6.13,-4.34,4.96,0.22,0.04,0.16,34.24,5
35.60,-6.46,-4.28,4.95,0.10,0.32,0.21,34.21,1
35.65,-6.70,-4.24,4.99,0.17,0.44,0.35,34.25,9
35.70,-7.02,-4.90,6.13,0.06,1.26,0.85,34.24,6
35.75,-7.65,-4.01,4.45,0.03,2.71,1.65,34.24,0
35.80,-8.88,-2.71,2.26,-0.03,3.24,2.13,34.23,0
35.85,-9.78,-0.43,-0.92,-0.13,3.59,2.07,34.23,7
35.90,-8.35,1.51,-3.72,-0.11,3.12,1.59,34.22,6
35.95,-7.61,2.48,-5.55,-0.44,2.73,0.92,34.25,9
36.00,-5.65,3.54,-7.94,-0.04,1.46,0.15,34.23,16
36.05,-3.96,3.39,-10.20,0.66,0.60,0.02,34.22,6
36.10,-5.51,1.74,-9.25,-0.02,-0.21,-0.11,34.24,4
36.15,-6.83,2.39,-6.76,-0.66,-0.31,0.02,34.23,1
36.20,-7.07,3.63,-6.78,0.39,0.13,0.16,34.25,0
36.25,-7.24,2.80,-7.70,0.58,0.46,-0.03,34.22,4
36.30,-6.45,2.12,-9.11,0.03,0.15,-0.11,34.23,0
36.35,-5.88,3.51,-8.59,-0.19,-0.02,-0.13,34.23,9
36.40,-8.54,2.27,-8.46,-0.40,-0.45,-0.44,34.24,7
36.45,-16.10,-4.50,-1.81,-0.26,-4.18,-1.61,34.24,3
36.50,-5.83,-2.62,2.38,0.99,-1.40,-1.31,34.23,5
36.55,-6.32,-3.33,4.42,0.95,-3.11,-2.21,34.24,8
36.60,-8.65,-5.52,3.77,0.63,-4.12,-2.24,34.25,5
36.65,-11.20,-5.76,3.70,0.47,-3.73,-2.75,34.24,5
36.70,-12.40,-5.07,4.71,0.34,-3.32,-2.36,34.23,5
36.75,-11.89,-4.31,1.86,0.15,-2.83,-1.60,34.22,7
36.80,-11.12,-0.84,-2.13,0.44,-0.45,-1.09,34.25,7
36.85,-1.66,-6.45,7.58,0.62,1.39,1.36,34.27,7
36.90,-9.75,-3.61,6.88,-0.67,2.94,1.06,34.22,8
36.95,-7.29,-4.93,5.10,0.02,0.93,0.42,34.24,11
37.00,-6.42,-4.96,4.59,-0.04,0.12,-0.05,34.25,3
37.05,-6.12,-4.83,4.73,0.08,-0.24,0.19,34.25,12
37.10,-6.04,-4.77,4.82,0.20,-0.22,0.28,34.26,0
37.15,-6.09,-4.61,4.90,0.17,-0.07,0.27,34.24,5
37.20,-6.40,-4.19,4.92,0.19,0.01,0.19,34.24,3
37.25,-6.38,-4.08,4.95,0.16,0.14,0.15,34.24,2
37.30,-6.43,-4.27,5.18,0.16,0.32,0.25,34.23,4
37.35,-6.91,-3.89,5.54,0.18,0.83,0.60,34.23,1
37.40,-7.50,-4.13,5.60,0.02,1.83,1.13,34.24,10
37.45,-7.81,-3.68,4.29,0.15,3.52,2.31,34.25,6
37.50,-9.15,0.01,-0.80,0.07,3.80,2.03,34.24,6
37.55,-8.53,-0.04,-3.57,0.21,2.87,1.54,34.25,0
37.60,-8.28,1.89,-5.00,-0.74,2.23,0.97,34.26,13
37.65,-7.37,4.09,-5.72,-0.67,1.82,0.34,34.24,0
37.70,-6.11,3.46,-7.61,0.85,1.21,0.13,34.24,5
37.75,-5.78,1.49,-9.26,1.33,0.70,0.25,34.25,0
37.80,-5.83,2.01,-9.59,0.10,0.07,0.06,34.23,0
37.85,-6.81,2.53,-8.37,-0.17,-0.20,-0.11,34.24,19
37.90,-6.94,2.58,-7.88,0.20,-0.01,-0.04,34.24,24
37.95,-6.55,2.52,-7.26,0.72,0.16,-0.00,34.24,8
38.00,-6.77,1.25,-8.81,0.39,0.18,-0.14,34.23,0
38.05,-7.09,1.56,-8.40,-0.38,-0.26,-0.37,34.25,0
38.10,-8.59,0.98,-6.51,0.34,0.34,0.26,34.23,1
38.15,-9.65,-0.93,-6.17,1.07,-0.09,-0.06,34.25,2
38.20,-11.68,-1.66,-4.75,0.90,-0.95,-2.07,34.24,5
38.25,-10.45,-2.76,-1.38,0.62,-4.00,-2.26,34.26,8
38.30,-6.68,-4.48,2.15,0.11,-4.37,-1.10,34.26,5
38.35,-7.26,-4.97,2.36,0.55,-4.37,-1.85,34.25,6
38.40,-11.44,-5.66,3.64,0.51,-4.27,-2.09,34.26,5
38.45,-12.50,-6.06,5.30,0.71,-3.60,-2.22,34.23,6
38.50,-10.35,-4.22,2.89,0.41,-2.92,-1.52,34.25,2
38.55,-7.67,-1.82,-1.19,0.78,0.27,0.65,34.25,4
38.60,-8.60,-3.42,0.06,0.21,0.89,0.02,34.24,5
38.65,-6.70,-2.10,7.71,0.26,2.18,0.81,34.23,5
38.70,-5.92,-8.80,3.83,-0.63,1.95,0.68,34.25,0
38.75,-8.19,-5.20,4.94,-0.28,1.03,0.39,34.25,5
38.80,-6.50,-4.87,4.70,-0.03,0.06,-0.01,34.25,0
38.85,-6.08,-5.10,4.43,0.03,-0.17,0.16,34.26,6
38.90,-6.24,-4.62,4.76,0.18,-0.24,0.35,34.25,5
38.95,-6.14,-4.77,4.74,0.11,0.05,0.12,34.27,2
39.00,-6.30,-4.74,4.66,0.02,0.15,0.20,34.26,4
39.05,-6.39,-4.66,4.62,0.11,0.23,0.29,34.25,8
39.10,-6.75,-4.38,4.98,0.08,0.47,0.36,34.25,3
39.15,-7.26,-4.13,4.57,-0.04,1.17,0.61,34.28,6
39.20,-7.73,-4.60,4.28,-0.07,1.91,1.27,34.27,11
39.25,-8.65,-4.73,3.32,-0.27,3.08,2.20,34.28,16
39.30,-9.86,-0.72,-0.77,-0.28,3.61,2.32,34.24,0
39.35,-7.47,1.09,-4.40,-0.22,3.11,1.77,34.27,7
39.40,-6.75,2.95,-5.86,-0.54,2.21,0.85,34.26,0
39.45,-6.20,3.24,-7.30,0.19,1.52,0.30,34.26,0
39.50,-5.35,2.18,-9.06,0.98,0.73,0.27,34.25,0
39.55,-6.24,1.47,-9.14,-0.03,0.18,0.03,34.25,9
39.60,-6.50,1.76,-8.58,-1.08,0.12,-0.18,34.25,22
39.65,-7.09,3.56,-6.96,-0.22,0.08,0.10,34.24,2
39.70,-6.38,2.91,-8.13,0.73,0.21,0.15,34.27,14
39.75,-6.21,2.49,-8.73,-0.09,-0.00,-0.16,34.23,41
39.80,-6.55,3.11,-7.89,-0.38,0.02,-0.27,34.25,0
39.85,-7.82,2.59,-7.94,-0.40,0.09,-0.33,34.25,3
39.90,-7.47,1.91,-7.32,-0.40,0.17,-0.49,34.23,1
39.95,-9.50,1.36,-8.38,0.24,-0.01,-0.18,34.25,6
40.00,-11.22,-1.17,-3.85,1.58,-2.29,-1.59,34.26,6
40.05,-9.86,-2.25,0.38,0.99,-3.77,-1.09,34.27,8
40.10,-8.44,-3.73,1.96,1.30,-3.15,-1.39,34.26,5
40.15,-9.44,-3.70,2.06,1.09,-3.75,-2.21,34.26,8
40.20,-10.61,-5.13,2.20,0.53,-4.07,-1.99,34.24,5
40.25,-11.12,-5.61,4.25,0.66,-3.23,-2.59,34.27,7
40.30,-10.97,-4.17,3.27,0.35,-3.05,-1.84,34.25,8
40.35,-8.71,-2.61,0.86,-0.11,-2.19,-0.70,34.26,2
40.40,-7.42,-2.25,-0.14,0.59,0.28,-0.24,34.24,6
40.45,-3.98,-4.15,6.96,0.27,2.64,1.66,34.27,7
40.50,-6.45,-7.09,5.15,-0.71,1.48,0.41,34.26,1
40.55,-5.40,-5.53,5.07,-0.21,1.34,0.58,34.25,5
40.60,-8.11,-4.04,5.31,0.03,0.17,0.50,34.27,7
40.65,-5.87,-5.19,4.50,0.12,0.07,0.06,34.26,5
40.70,-6.33,-4.75,4.58,0.02,-0.21,0.14,34.27,6
40.75,-6.20,-4.74,4.74,0.14,-0.18,0.05,34.26,4
40.80,-6.21,-4.70,4.78,0.06,0.01,0.16,34.28,7
40.85,-6.26,-4.76,4.73,-0.05,0.14,0.15,34.27,7
40.90,-6.39,-4.83,4.52,0.01,0.22,0.26,34.24,7
40.95,-6.65,-4.42,4.85,0.04,0.39,0.30,34.28,0
41.00,-6.97,-4.47,4.49,0.04,0.78,0.38,34.26,3
41.05,-7.31,-4.95,5.06,-0.07,1.65,1.05,34.26,7
41.10,-7.95,-5.29,3.33,-0.00,2.81,1.85,34.29,7
41.15,-9.30,-2.67,0.43,-0.02,3.22,3.00,34.27,5
41.20,-7.75,2.13,-2.14,-0.11,3.10,2.17,34.26,1
41.25,-7.33,3.33,-5.12,0.23,2.37,0.82,34.27,0
41.30,-7.92,1.64,-6.48,0.27,2.03,0.22,34.28,12
41.35,-6.92,2.02,-7.84,-0.15,1.33,0.07,34.27,1
41.40,-5.78,2.30,-9.08,-0.26,0.55,0.02,34.27,11
41.45,-5.90,2.32,-8.94,-0.11,-0.09,0.09,34.27,6
41.50,-7.01,2.60,-7.47,-0.05,-0.30,0.14,34.28,24
41.55,-7.09,2.97,-6.73,0.10,-0.05,0.07,34.29,0
41.60,-7.05,2.72,-7.87,0.34,0.12,0.03,34.25,4
41.65,-6.94,3.01,-8.17,-0.21,0.12,-0.19,34.27,8
41.70,-6.49,3.13,-7.75,0.04,-0.01,-0.10,34.25,0
41.75,-6.56,3.42,-7.82,0.80,-0.04,-0.08,34.26,50
41.80,-8.67,0.65,-8.66,1.22,-0.46,0.01,34.26,0
41.85,-12.63,-3.52,-3.80,0.02,-1.65,-0.55,34.27,7
41.90,-10.03,-2.52,3.72,0.20,-3.43,-2.10,34.29,5
41.95,-6.91,-3.61,4.69,-0.02,-4.37,-1.25,34.25,3
42.00,-9.18,-4.73,3.67,0.70,-4.37,-2.06,34.26,7
42.05,-12.37,-6.17,3.78,0.96,-3.66,-2.71,34.28,3
42.10,-10.63,-5.62,4.14,0.78,-3.00,-2.42,34.28,6
42.15,-10.84,-3.34,3.67,0.05,-2.85,-1.78,34.28,3
42.20,-9.33,-2.61,0.28,-0.88,-1.95,-0.46,34.27,8
42.25,-7.70,-2.43,2.21,-0.11,0.04,0.03,34.27,6
42.30,-2.94,-3.48,7.89,0.28,1.38,1.57,34.28,2
42.35,-8.13,-6.22,5.57,-0.72,2.42,0.79,34.27,2
42.40,-6.41,-5.57,5.04,-0.11,1.24,0.54,34.29,3
42.45,-7.01,-4.78,4.93,0.13,0.23,0.39,34.27,3
42.50,-6.03,-5.30,4.41,0.11,-0.05,0.25,34.26,2
42.55,-5.96,-4.81,4.75,0.15,-0.33,0.32,34.28,10
42.60,-6.25,-4.51,4.91,0.20,-0.11,0.32,34.26,1
42.65,-6.31,-4.28,4.95,0.17,0.03,0.19,34.28,4
42.70,-6.32,-4.27,4.99,0.19,0.12,0.19,34.29,6
42.75,-6.42,-4.38,4.98,0.27,0.26,0.28,34.27,3
42.80,-6.83,-3.72,5.33,0.34,0.52,0.52,34.29,1
42.85,-7.44,-3.65,6.11,-0.08,1.43,0.81,34.29,9
42.90,-7.90,-4.70,4.65,0.17,3.02,1.77,34.31,7
42.95,-8.44,-1.24,1.30,0.13,3.76,2.61,34.27,2
43.00,-8.05,1.19,-2.88,0.44,3.31,1.98,34.28,0
43.05,-7.80,1.87,-5.63,0.29,2.29,1.22,34.27,11
43.10,-7.28,3.23,-6.11,-0.12,1.69,0.60,34.28,2
43.15,-6.75,3.13,-7.12,0.25,1.01,0.29,34.28,3
43.20,-6.48,2.72,-7.92,0.34,0.47,0.25,34.29,36
43.25,-6.47,3.15,-7.70,-0.25,0.12,0.02,34.28,7
43.30,-6.90,3.52,-7.13,0.25,-0.03,-0.09,34.28,1
43.35,-7.07,2.44,-7.35,0.30,-0.08,-0.09,34.28,0
43.40,-7.60,2.37,-6.79,-0.04,0.00,-0.09,34.26,15
43.45,-7.01,2.65,-7.03,0.17,0.09,-0.02,34.27,3
43.50,-6.90,2.62,-7.58,0.31,0.05,0.05,34.27,12
43.55,-6.81,2.97,-7.35,0.36,-0.06,0.08,34.27,22
43.60,-6.87,3.30,-7.60,0.37,0.01,-0.01,34.28,15
43.65,-7.02,3.12,-7.81,0.54,-0.00,-0.19,34.27,5
43.70,-8.89,1.85,-7.54,0.62,0.08,-0.42,34.30,2
43.75,-15.80,-3.10,-0.18,2.07,-3.37,-1.60,34.28,11
43.80,-7.33,-3.51,3.62,-0.75,-3.37,-1.28,34.27,3
43.85,-6.59,-3.72,5.08,-0.40,-3.72,-1.48,34.28,5
43.90,-9.84,-3.94,5.29,0.17,-3.78,-2.16,34.28,4
43.95,-11.58,-5.56,4.12,0.39,-4.21,-2.18,34.27,2
44.00,-12.52,-5.92,4.80,0.69,-3.32,-2.67,34.27,3
44.05,-12.67,-3.11,1.38,0.08,-2.64,-1.46,34.29,8
44.10,-10.34,-0.90,-2.13,0.05,-0.73,-0.83,34.31,2
44.15,2.33,-8.63,15.72,0.41,0.64,0.36,34.29,4
44.20,-5.35,-5.18,6.65,-0.72,2.12,0.99,34.30,6
44.25,-6.09,-6.55,5.37,-0.26,1.49,0.44,34.29,5
44.30,-6.33,-5.87,4.78,-0.15,1.21,0.39,34.30,3
44.35,-6.59,-5.01,4.80,0.15,0.24,0.29,34.29,7
44.40,-6.39,-5.02,4.69,0.14,-0.03,0.42,34.28,5
44.45,-6.17,-4.93,4.57,0.02,-0.18,0.25,34.29,4
44.50,-6.17,-4.73,4.82,0.10,-0.17,0.16,34.30,5
44.55,-6.05,-4.85,4.74,0.23,-0.00,0.09,34.29,5
44.60,-6.43,-4.28,4.87,0.22,0.01,0.27,34.30,4
44.65,-6.23,-4.56,4.92,0.15,0.15,0.27,34.30,1
44.70,-6.45,-4.57,4.95,0.12,0.30,0.32,34.30,0
44.75,-6.73,-4.22,5.23,0.06,0.57,0.36,34.28,4
44.80,-7.17,-4.55,5.60,-0.07,1.72,0.96,34.30,6
44.85,-7.94,-3.89,3.46,-0.01,2.54,1.53,34.30,0
44.90,-9.04,-2.86,1.95,-0.24,3.20,2.04,34.28,0
44.95,-8.36,-0.35,-1.74,-0.25,3.22,1.88,34.29,23
45.00,-8.00,1.69,-4.74,-0.07,2.41,1.35,34.29,11
45.05,-7.76,2.15,-5.75,-0.04,1.83,0.76,34.31,0
45.10,-6.82,2.38,-7.42,-0.23,1.53,0.38,34.27,0
45.15,-6.20,2.87,-8.43,-0.01,0.64,0.26,34.27,0
45.20,-6.33,3.02,-7.77,0.05,0.10,0.11,34.28,7
45.25,-6.95,3.07,-7.86,0.08,-0.05,-0.06,34.28,18
45.30,-7.42,2.17,-6.53,-0.21,-0.15,-0.25,34.27,25
45.35,-7.50,2.73,-6.40,-0.86,0.02,-0.76,34.29,10
45.40,-7.16,2.92,-7.09,-1.37,0.00,-1.19,34.28,14
45.45,-6.70,2.10,-8.04,-1.75,-0.29,-1.00,34.29,7
45.50,-7.45,1.94,-6.10,-2.05,-0.54,-0.70,34.29,0
45.55,-8.08,3.71,-5.19,-2.63,-0.60,-0.87,34.31,23
45.60,-8.51,2.46,-5.02,-2.95,-0.63,-0.87,34.29,3
45.65,-9.02,1.86,-3.60,-3.70,-1.03,-0.78,34.30,3
45.70,-8.47,1.40,-0.28,-4.06,-1.35,-0.65,34.30,0
45.75,-8.94,1.34,0.06,-4.37,-1.20,-0.67,34.30,2
45.80,-9.16,-1.50,2.03,-4.37,-0.77,-0.60,34.33,3
45.85,-8.35,-1.09,3.25,-3.58,-0.51,-0.32,34.29,6
45.90,-8.15,-1.61,3.10,-2.12,-0.59,-0.95,34.32,6
45.95,-9.00,-1.69,5.05,-1.02,-1.12,-0.48,34.31,5
46.00,-7.69,-3.93,5.77,-0.85,-1.75,-0.57,34.28,8
46.05,-6.31,-4.56,6.12,-0.10,-2.51,-0.16,34.30,8
46.10,-5.08,-4.97,4.39,-0.11,-0.80,-0.31,34.29,3
46.15,-4.30,-3.90,3.83,0.01,-0.82,-0.29,34.29,2
46.20,-6.05,-4.71,4.17,-0.36,-0.93,-0.56,34.30,5
46.25,-4.96,-4.68,4.75,-0.13,-0.80,-0.64,34.28,6
46.30,-4.45,-3.35,3.05,0.19,-0.26,-0.11,34.28,3
46.35,-0.00,-3.60,5.69,-0.22,1.44,0.59,34.31,6
46.40,-7.47,-6.67,4.96,-0.05,1.31,0.81,34.29,2
46.45,-8.68,-5.22,4.41,-0.24,0.20,0.69,34.30,6
46.50,-6.63,-4.49,4.88,-0.08,0.06,-0.00,34.29,0
46.55,-6.24,-4.65,4.79,0.06,0.09,-0.03,34.28,8
46.60,-6.32,-4.55,4.61,-0.00,-0.01,-0.09,34.29,6
46.65,-6.35,-4.53,4.71,0.03,0.08,-0.02,34.31,4
46.70,-6.34,-4.67,4.57,0.10,0.02,0.16,34.31,5
46.75,-6.41,-4.70,4.55,0.16,0.05,0.20,34.29,4
46.80,-6.56,-4.54,4.60,0.19,0.19,0.27,34.30,0
46.85,-6.90,-4.25,5.15,0.17,0.59,0.48,34.31,4
46.90,-7.30,-4.05,4.54,0.04,1.17,0.73,34.30,14
46.95,-7.99,-4.92,4.71,-0.03,2.16,1.47,34.30,0
47.00,-8.91,-2.65,2.11,-0.20,3.06,2.19,34.30,0
47.05,-8.84,-0.10,-0.90,-0.13,3.42,1.86,34.30,0
47.10,-8.71,1.02,-4.48,-0.01,3.06,1.48,34.29,0
47.15,-7.86,1.55,-6.25,-0.09,2.28,0.82,34.29,39
47.20,-7.33,2.78,-7.76,-0.55,1.40,0.34,34.30,7
47.25,-6.82,2.27,-7.91,-0.38,0.61,0.25,34.27,49
47.30,-6.06,3.32,-8.05,-0.59,0.14,-0.01,34.29,1
47.35,-6.02,4.79,-7.67,0.22,0.16,-0.09,34.29,0
47.40,-6.31,2.64,-8.42,0.76,-0.05,0.06,34.30,39
47.45,-6.68,3.33,-7.39,0.24,-0.10,-0.14,34.28,0
47.50,-6.87,2.10,-7.34,0.71,-0.02,0.01,34.32,14
47.55,-7.05,1.67,-8.11,0.77,0.11,0.10,34.28,7
47.60,-7.54,2.86,-8.25,0.06,0.20,-0.06,34.30,0
47.65,-10.45,-0.15,-6.45,0.66,-0.44,-0.22,34.30,4
47.70,-14.91,-3.32,-0.95,0.54,-3.56,-2.15,34.30,5
47.75,-7.69,-2.53,3.28,-0.77,-2.77,-1.38,34.29,6
47.80,-7.15,-3.32,3.48,-0.27,-3.98,-1.33,34.29,5
47.85,-8.56,-4.55,3.04,0.20,-3.85,-1.86,34.30,3
47.90,-11.31,-5.25,3.50,0.49,-3.47,-2.29,34.33,2
47.95,-12.36,-5.41,3.67,0.25,-2.88,-1.86,34.32,8
48.00,-10.53,-3.51,3.36,-0.03,-2.37,-1.59,34.31,6
48.05,-7.93,-3.02,2.04,-0.40,-1.73,-0.73,34.29,4
48.10,-7.24,-2.72,0.47,0.30,0.14,-0.50,34.30,4
48.15,-4.69,-2.88,8.04,1.05,1.64,0.71,34.32,4
48.20,-6.89,-6.43,5.88,-0.60,2.05,0.98,34.29,9
48.25,-6.57,-5.17,5.57,-0.22,0.97,0.42,34.30,6
48.30,-6.63,-5.25,4.98,-0.18,0.70,0.21,34.32,5
48.35,-6.49,-4.96,4.75,0.03,0.20,0.06,34.31,5
48.40,-5.87,-5.39,4.32,0.05,0.06,0.01,34.31,6
48.45,-5.62,-5.34,4.31,0.11,0.15,0.19,34.33,4
48.50,-6.16,-5.19,4.37,-0.11,-0.32,0.20,34.32,4
48.55,-6.17,-5.01,4.49,0.19,-0.30,0.51,34.32,6
48.60,-6.24,-4.96,4.61,0.20,0.06,0.23,34.32,5
48.65,-6.45,-4.61,4.67,0.20,0.22,0.30,34.32,10
48.70,-6.75,-4.23,4.86,0.13,0.40,0.33,34.32,4
48.75,-7.13,-4.10,4.84,0.04,0.95,0.55,34.31,7
48.80,-7.64,-4.35,4.80,-0.07,1.78,1.06,34.32,5
48.85,-8.34,-3.75,3.13,-0.11,2.82,1.77,34.33,5
48.90,-9.08,-2.00,0.03,-0.13,3.36,2.12,34.30,21
48.95,-8.17,-0.23,-3.40,-0.06,3.10,2.00,34.32,6
49.00,-7.39,1.71,-4.94,-0.47,2.35,1.40,34.32,4
49.05,-7.36,3.04,-5.83,-0.68,1.79,0.63,34.32,22
49.10,-6.52,3.38,-7.74,0.30,0.98,0.25,34.31,46
49.15,-6.36,2.28,-8.57,0.61,0.46,0.23,34.32,12
49.20,-6.24,2.70,-8.80,-0.24,0.01,0.05,34.35,0
49.25,-6.67,3.66,-7.45,-0.03,-0.10,0.06,34.30,8
49.30,-6.90,2.89,-7.09,0.35,0.02,-0.00,34.32,27
49.35,-7.15,2.57,-7.61,0.07,0.08,-0.06,34.33,0
49.40,-6.92,2.95,-7.60,-0.07,0.04,-0.11,34.32,0
49.45,-7.46,4.07,-7.57,-1.02,0.15,-0.67,34.33,7
49.50,-9.45,-1.59,-6.65,-0.17,-0.51,-1.27,34.33,6
49.55,-12.53,-2.00,-0.88,0.49,-2.51,-1.52,34.32,0
49.60,-6.43,-1.98,2.12,0.56,-3.42,-1.40,34.32,8
49.65,-5.78,-3.02,3.68,0.89,-3.17,-1.94,34.31,4
49.70,-8.67,-4.66,3.72,0.95,-3.00,-2.31,34.32,2
49.75,-11.24,-5.52,3.14,0.72,-3.33,-2.27,34.32,4
49.80,-10.83,-5.39,3.99,0.54,-2.90,-2.56,34.32,5
49.85,-11.99,-4.47,4.04,0.72,-2.11,-2.11,34.34,5
49.90,-9.82,-3.16,1.69,-0.08,-1.64,-0.71,34.31,4
49.95,-6.09,-3.30,1.42,0.18,-0.12,0.03,34.32,4
50.00,-2.12,-5.48,7.88,0.48,1.06,0.89,34.32,5
50.05,-6.49,-3.84,7.29,-0.37,2.21,0.58,34.31,3
50.10,-7.06,-5.30,5.46,-0.30,1.48,0.49,34.32,5
50.15,-6.94,-6.19,4.38,-0.19,0.80,0.30,34.32,2
50.20,-6.95,-4.76,4.73,0.13,0.08,0.27,34.32,7
50.25,-6.12,-5.07,4.42,0.04,-0.18,0.29,34.32,4
50.30,-6.36,-4.67,4.64,0.15,-0.18,0.08,34.32,6
50.35,-6.14,-4.79,4.65,0.25,-0.14,0.16,34.32,1
50.40,-6.17,-4.65,4.82,0.16,0.05,0.26,34.32,10
50.45,-6.48,-4.41,4.76,0.17,0.28,0.39,34.31,1
50.50,-6.82,-3.84,4.92,0.17,0.41,0.39,34.29,0
50.55,-7.08,-4.21,4.82,0.05,0.87,0.49,34.34,9
50.60,-7.59,-4.19,5.22,-0.09,1.79,0.95,34.32,3
50.65,-8.13,-4.10,3.52,-0.06,2.97,1.99,34.30,8
50.70,-9.44,-1.99,1.31,-0.23,3.88,2.25,34.32,0
50.75,-7.23,0.76,-3.71,0.01,3.65,1.99,34.30,16
50.80,-7.04,2.45,-5.98,-0.71,2.61,0.91,34.33,10
50.85,-6.19,3.73,-7.63,-0.13,1.62,0.45,34.32,3
50.90,-5.36,2.38,-8.95,1.01,0.67,0.40,34.32,0
50.95,-6.59,1.57,-9.29,0.61,-0.01,0.41,34.32,31
51.00,-6.79,2.58,-7.52,-0.61,-0.25,-0.09,34.32,9
51.05,-6.79,2.83,-7.38,-0.13,0.03,-0.13,34.32,0
51.10,-6.56,2.77,-8.37,0.04,0.06,0.01,34.32,45
51.15,-6.61,3.34,-7.75,0.01,-0.07,-0.08,34.31,0
51.20,-6.60,2.91,-8.05,0.20,-0.26,-0.03,34.31,31
51.25,-7.34,1.95,-6.34,-0.22,-0.07,0.02,34.32,2
51.30,-7.05,2.93,-6.60,0.30,0.10,0.13,34.31,5
51.35,-7.55,2.26,-7.76,0.63,0.13,0.17,34.32,9
51.40,-11.01,1.07,-9.72,0.45,0.41,0.47,34.30,4
51.45,-11.31,0.55,-1.98,0.03,0.36,-0.70,34.32,7
51.50,-10.33,-1.56,2.88,0.02,-3.75,-1.55,34.32,7
51.55,-6.15,-2.02,2.56,0.85,-4.37,-2.18,34.30,1
51.60,-10.89,-3.59,2.93,0.14,-4.37,-2.66,34.34,9
51.65,-13.19,-4.86,4.42,0.27,-4.37,-2.76,34.33,5
51.70,-13.13,-3.55,4.90,0.14,-3.77,-2.15,34.31,5
51.75,-13.44,-3.43,0.71,0.03,-2.67,-1.50,34.33,5
51.80,-9.62,-1.30,-2.25,0.02,-0.48,-0.27,34.32,6
51.85,3.25,-8.08,9.86,0.17,0.85,0.50,34.31,5
51.90,-7.32,-5.28,6.58,-0.59,2.15,0.80,34.33,6
51.95,-6.62,-5.21,5.49,-0.11,1.23,0.49,34.34,7
52.00,-6.55,-5.28,4.80,-0.06,0.65,0.42,34.34,3
52.05,-6.74,-4.39,5.04,0.18,-0.06,0.66,34.33,6
52.10,-6.36,-4.50,4.75,0.26,0.03,0.28,34.34,9
52.15,-6.36,-4.22,4.99,0.15,0.01,0.29,34.30,4
52.20,-6.48,-4.19,4.87,-0.11,-0.35,0.11,34.34,0
52.25,-6.17,-4.34,4.92,0.23,-0.03,0.14,34.34,4
52.30,-6.48,-4.11,4.96,0.17,0.22,0.18,34.33,6
52.35,-6.70,-4.01,5.47,0.26,0.52,0.50,34.36,5
52.40,-7.22,-4.30,6.20,-0.03,1.99,1.22,34.32,3
52.45,-8.13,-3.93,3.43,0.10,2.83,1.65,34.34,11
52.50,-8.89,-1.47,1.29,0.01,3.16,2.00,34.32,0
52.55,-9.13,0.85,-1.82,-0.12,3.24,1.23,34.32,0
52.60,-7.81,0.64,-4.66,0.31,2.80,0.87,34.34,0
52.65,-8.19,1.48,-6.79,-0.40,2.15,0.88,34.34,15
52.70,-7.04,2.20,-6.86,-0.19,1.09,0.45,34.32,20
52.75,-6.05,3.00,-8.09,0.30,0.66,0.24,34.32,14
52.80,-5.89,2.62,-9.04,0.49,0.31,0.24,34.32,0
52.85,-7.12,2.77,-7.30,-0.23,0.34,-0.19,34.33,21
52.90,-5.92,2.43,-8.37,1.01,0.66,0.09,34.30,0
52.95,-5.54,0.98,-10.41,0.43,0.19,0.01,34.33,1
53.00,-5.72,2.45,-8.38,-0.53,-0.29,-0.01,34.31,0
53.05,-6.39,2.42,-8.22,0.36,-0.18,0.15,34.34,7
53.10,-6.08,2.72,-7.78,0.20,0.04,0.09,34.33,6
53.15,-6.18,1.68,-8.14,0.40,0.02,0.04,34.34,2
53.20,-7.04,2.18,-8.81,0.36,-0.13,-0.06,34.31,4
53.25,-12.34,-1.59,-5.55,0.65,-1.84,-1.41,34.34,7
53.30,-11.26,-4.50,1.31,0.39,-3.89,-2.13,34.32,5
53.35,-9.05,-5.43,5.32,-0.47,-3.72,-1.31,34.32,4
53.40,-8.12,-5.42,4.67,0.43,-4.37,-2.02,34.32,3
53.45,-10.84,-5.85,5.07,0.42,-4.37,-2.51,34.34,4
53.50,-12.38,-5.09,4.71,0.28,-3.91,-2.33,34.32,8
53.55,-13.29,-2.90,2.47,0.37,-2.66,-2.24,34.33,5
53.60,-12.26,0.40,-2.92,0.11,-0.47,-0.31,34.33,3
53.65,-0.22,-7.42,5.01,0.10,1.62,1.80,34.32,5
53.70,-11.43,-3.30,7.70,-0.11,2.61,0.95,34.34,3
53.75,-6.05,-4.70,5.03,0.11,0.90,0.41,34.32,6
53.80,-6.98,-4.27,4.78,-0.16,0.20,0.13,34.34,7
53.85,-6.35,-4.89,4.41,0.01,0.09,0.02,34.35,2
53.90,-6.34,-4.67,4.72,-0.19,-0.16,-0.11,34.34,4
53.95,-6.31,-4.74,4.59,0.02,-0.07,0.16,34.33,5
54.00,-6.32,-4.84,4.63,0.02,0.03,0.19,34.34,3
54.05,-6.42,-4.66,4.42,0.09,0.08,0.21,34.34,2
54.10,-6.66,-4.32,4.57,0.12,0.21,0.27,34.34,6
54.15,-6.91,-4.30,4.54,0.05,0.52,0.31,34.34,4
54.20,-7.24,-4.51,4.33,-0.01,0.92,0.51,34.34,5
54.25,-7.68,-4.70,4.37,-0.10,1.68,0.94,34.32,4
54.30,-8.38,-3.79,2.82,-0.17,2.45,1.55,34.34,1
54.35,-9.65,-2.46,0.40,-0.20,3.15,1.92,34.34,19
54.40,-8.37,0.05,-3.96,-0.15,2.71,1.59,34.33,3
54.45,-8.08,0.73,-4.95,0.03,2.05,1.26,34.33,2
54.50,-8.21,1.73,-5.44,-0.24,1.84,0.77,34.35,16
54.55,-7.56,2.27,-6.36,-0.07,1.57,0.44,34.36,24
54.60,-6.52,2.16,-8.08,0.53,1.04,0.25,34.33,14
54.65,-5.61,2.13,-9.19,0.42,0.45,0.16,34.35,22
54.70,-5.64,2.04,-8.97,0.19,0.04,0.08,34.35,4
54.75,-6.23,2.08,-8.98,0.08,-0.21,0.05,34.33,9
54.80,-6.73,2.77,-7.89,0.75,-0.01,0.05,34.32,0
54.85,-6.75,1.41,-8.32,0.00,0.03,-0.31,34.33,7
54.90,-6.91,1.34,-7.87,-0.40,-0.03,-0.17,34.32,33
54.95,-6.02,2.78,-8.32,0.27,0.10,-0.05,34.34,0
55.00,-8.59,1.18,-7.80,1.69,0.04,0.43,34.33,6
55.05,-11.21,-3.17,-5.01,1.53,-0.78,-2.46,34.33,2
55.10,-14.08,-4.20,0.15,0.20,-2.83,-2.39,34.32,7
55.15,-7.92,-5.56,3.11,-1.15,-4.37,-0.11,34.34,9
55.20,-6.34,-5.90,2.55,0.25,-4.37,-1.75,34.34,8
55.25,-10.57,-5.82,4.21,0.47,-4.09,-2.20,34.34,5
55.30,-12.10,-6.22,5.19,0.48,-3.17,-1.98,34.33,3
55.35,-14.03,-4.37,4.00,0.54,-2.42,-1.60,34.35,4
55.40,-10.63,-2.27,-0.26,-0.24,-1.62,-0.67,34.33,5
55.45,-11.88,-2.01,-1.59,0.61,0.56,0.32,34.32,7
55.50,-4.64,-3.17,7.22,-0.59,2.17,0.71,34.34,6
55.55,-7.04,-7.70,4.64,-0.37,1.50,0.06,34.36,4
55.60,-6.16,-5.62,4.89,-0.28,0.85,0.20,34.34,0
55.65,-5.88,-5.82,4.14,0.03,0.13,0.21,34.36,6
55.70,-6.37,-5.27,4.44,0.13,0.01,0.36,34.35,8
55.75,-5.61,-5.50,4.11,0.17,-0.26,0.44,34.35,7
55.80,-6.50,-4.63,4.82,0.20,0.03,0.10,34.38,2
55.85,-6.05,-4.99,4.59,0.34,-0.16,0.36,34.33,7
55.90,-6.21,-4.85,4.66,0.02,0.17,0.15,34.34,5
55.95,-6.45,-4.63,4.59,0.11,0.21,0.20,34.35,6
56.00,-6.64,-4.46,4.67,0.03,0.24,0.26,34.33,5
56.05,-6.88,-4.66,4.54,-0.01,0.69,0.30,34.35,8
56.10,-7.25,-4.86,4.90,-0.04,1.45,0.79,34.35,8
56.15,-7.92,-4.75,3.74,-0.06,2.39,1.51,34.34,9
56.20,-9.40,-3.16,1.61,-0.27,3.24,2.20,34.34,5
56.25,-8.40,-0.43,-2.51,-0.34,2.99,1.93,34.34,7
56.30,-8.49,1.24,-4.57,0.24,2.15,1.25,34.36,8
56.35,-8.31,0.94,-5.19,0.17,1.83,0.91,34.33,2
56.40,-7.78,1.58,-5.95,-0.48,1.84,0.68,34.32,0
56.45,-6.18,3.47,-7.91,0.12,1.14,0.36,34.35,8
56.50,-5.26,2.94,-8.75,0.93,0.71,0.20,34.32,0
56.55,-5.94,1.51,-9.22,-0.16,0.24,-0.12,34.35,0
56.60,-5.74,2.79,-8.58,-0.01,-0.03,-0.09,34.34,18
56.65,-6.40,2.00,-8.38,0.29,-0.05,-0.07,34.36,6
56.70,-6.21,2.19,-8.20,-0.05,-0.04,-0.03,34.34,0
56.75,-6.06,2.03,-8.29,0.06,-0.05,-0.07,34.33,5
56.80,-6.33,2.40,-7.75,0.05,0.01,-0.19,34.34,5
56.85,-6.73,2.09,-8.36,0.46,0.06,-0.11,34.32,6
56.90,-9.39,2.50,-9.08,0.39,-0.34,-0.56,34.34,1
56.95,-13.83,-3.16,-1.01,1.46,-3.83,-1.63,34.34,6
57.00,-8.17,-3.88,4.25,-0.18,-3.02,-0.75,34.34,4
57.05,-7.26,-3.29,4.96,0.31,-4.32,-1.26,34.37,6
57.10,-10.61,-7.43,3.84,0.40,-4.06,-2.66,34.34,4
57.15,-10.41,-6.08,3.63,0.82,-3.16,-2.68,34.35,6
57.20,-11.31,-5.58,3.71,0.11,-3.27,-2.09,34.34,2
57.25,-12.54,-2.42,0.98,-0.01,-2.28,-1.52,34.34,7
57.30,-11.55,-0.77,-3.23,-0.25,-0.21,0.15,34.33,4
57.35,-5.35,-4.26,6.95,0.62,1.81,1.09,34.34,8
57.40,-7.76,-8.01,4.85,-0.33,2.29,1.02,34.36,6
57.45,-7.10,-4.43,5.23,0.02,1.17,0.65,34.35,2
57.50,-6.98,-4.91,4.64,0.00,0.14,0.15,34.33,6
57.55,-6.25,-5.11,4.56,0.05,-0.09,-0.01,34.36,6
57.60,-6.17,-4.78,4.70,0.15,-0.25,0.18,34.35,7
57.65,-6.27,-4.56,4.83,0.17,-0.13,0.34,34.35,4
57.70,-6.24,-4.46,4.83,0.16,0.11,0.22,34.38,7
57.75,-6.25,-4.52,4.75,0.13,0.19,0.26,34.34,5
57.80,-6.58,-4.53,4.95,0.25,0.38,0.40,34.36,3
57.85,-7.04,-3.86,5.17,0.14,0.83,0.60,34.34,6
57.90,-7.54,-4.81,5.07,0.04,1.57,1.05,34.35,9
57.95,-8.10,-3.62,3.75,0.16,2.61,1.97,34.37,8
58.00,-8.82,-0.61,0.79,0.02,3.07,2.21,34.35,24
58.05,-9.11,0.73,-1.65,0.14,2.76,1.60,34.36,7
58.10,-8.35,1.70,-4.07,-0.12,2.19,1.06,34.37,0
58.15,-8.06,3.28,-4.95,-0.69,1.87,0.29,34.35,3
58.20,-7.71,2.98,-5.77,-0.21,1.60,0.30,34.36,2
58.25,-6.20,3.37,-7.68,0.10,1.16,0.07,34.36,6
58.30,-5.92,2.66,-8.33,0.78,0.64,0.06,34.33,0
58.35,-6.05,1.61,-8.90,0.92,0.22,0.16,34.37,15
58.40,-6.44,1.97,-8.10,0.27,0.00,0.05,34.34,5
58.45,-6.51,2.16,-7.78,0.26,0.03,-0.04,34.35,40
58.50,-6.72,1.60,-8.05,0.33,0.04,-0.00,34.35,8
58.55,-6.57,1.68,-8.24,-0.14,-0.06,-0.09,34.34,0
58.60,-6.69,2.34,-8.08,-0.05,0.01,-0.06,34.36,19
58.65,-6.22,1.99,-8.17,0.20,0.01,-0.03,34.35,0
58.70,-6.20,1.88,-8.15,0.17,-0.15,-0.03,34.35,0
58.75,-6.74,1.99,-8.38,0.81,-0.27,0.05,34.34,0
58.80,-7.64,1.39,-7.60,0.13,-0.18,-0.08,34.34,0
58.85,-8.91,1.91,-9.29,-0.31,-0.30,-0.41,34.37,5
58.90,-12.93,-2.51,-0.05,0.82,-2.64,-1.81,34.34,4
58.95,-8.37,-2.04,3.66,-0.08,-3.70,-1.79,34.35,5
59.00,-7.84,-3.07,4.65,0.00,-4.22,-1.39,34.34,4
59.05,-10.24,-5.88,4.19,0.08,-3.80,-1.77,34.33,4
59.10,-10.75,-4.45,5.16,0.40,-3.13,-2.18,34.35,6
59.15,-11.41,-5.72,4.81,0.76,-3.00,-2.08,34.33,3
59.20,-11.43,-4.21,2.28,0.74,-2.22,-1.99,34.36,7
59.25,-11.35,-1.30,-2.45,-0.33,-1.00,-0.22,34.37,5
59.30,0.90,-6.81,6.71,0.38,1.99,0.98,34.36,3
59.35,-9.17,-7.86,5.66,-0.59,2.56,1.08,34.36,5
59.40,-6.63,-4.66,5.09,-0.10,1.03,0.60,34.35,5
59.45,-6.62,-4.74,4.78,0.08,0.23,0.07,34.38,0
59.50,-6.14,-4.85,4.77,-0.05,-0.13,-0.01,34.36,7
59.55,-6.24,-4.84,4.58,0.03,-0.06,-0.03,34.36,2
59.60,-6.18,-4.85,4.59,0.13,-0.12,0.22,34.37,4
59.65,-6.16,-4.75,4.73,0.28,-0.17,0.28,34.35,2
59.70,-6.24,-4.42,4.83,0.22,0.04,0.21,34.34,5
59.75,-6.34,-4.45,4.86,0.14,0.21,0.17,34.37,9
59.80,-6.58,-4.36,5.04,0.19,0.40,0.28,34.37,0
59.85,-7.03,-4.12,5.28,0.11,0.98,0.64,34.36,0
59.90,-7.57,-4.55,5.07,0.01,2.07,1.38,34.38,4
59.95,-8.05,-3.59,3.08,0.02,3.09,2.18,34.37,0
60.00,-9.34,0.02,-0.31,0.05,3.62,2.02,34.35,1
60.05,-8.38,0.38,-3.90,0.65,2.62,1.53,34.35,0
60.10,-8.49,1.47,-5.18,0.09,2.05,1.04,34.35,0
60.15,-7.91,2.38,-5.40,-0.40,1.87,0.50,34.34,12
60.20,-6.68,3.15,-6.99,0.02,1.30,0.16,34.35,5
60.25,-5.47,1.94,-9.17,-0.17,0.75,-0.20,34.35,9
60.30,-5.46,3.31,-8.82,-0.34,0.00,0.03,34.36,25
60.35,-6.64,3.76,-7.45,0.38,-0.06,0.02,34.35,0
60.40,-7.05,2.63,-7.66,0.40,0.08,-0.15,34.38,7
60.45,-6.82,1.81,-8.03,0.20,-0.03,-0.08,34.37,6
60.50,-6.66,2.16,-7.47,0.06,-0.15,0.01,34.36,0
60.55,-6.79,2.60,-7.58,-0.02,-0.01,0.00,34.38,15
60.60,-6.80,2.82,-7.47,0.31,0.04,0.02,34.35,8
60.65,-6.56,2.69,-8.08,0.39,-0.03,0.03,34.37,5
60.70,-7.67,2.30,-7.55,0.51,-0.08,-0.21,34.35,15
60.75,-10.66,-0.68,-6.00,0.09,-0.23,-0.64,34.35,7
60.80,-13.36,-3.76,-0.72,0.39,-3.40,-2.17,34.36,4
60.85,-7.51,-2.93,3.92,-0.82,-3.22,-1.37,34.36,6
60.90,-7.02,-3.91,3.76,-0.38,-3.84,-1.33,34.34,5
60.95,-9.51,-4.78,4.28,0.33,-3.50,-2.35,34.35,4
61.00,-10.91,-4.66,4.62,0.69,-3.25,-2.48,34.35,4
61.05,-10.84,-5.35,4.67,0.45,-3.05,-2.26,34.36,5
61.10,-11.50,-2.43,1.74,0.46,-2.17,-1.81,34.37,2
61.15,-12.36,-0.60,-3.94,-0.24,-0.35,-0.02,34.36,4
61.20,-7.71,-4.93,6.27,0.23,2.57,1.00,34.37,6
61.25,-8.38,-7.11,4.99,-0.09,1.50,0.64,34.36,5
61.30,-13.40,-7.24,6.05,-0.03,1.20,0.89,34.35,0
61.35,-6.38,-4.72,4.57,-0.14,0.38,-0.04,34.36,0
61.40,-6.61,-5.07,4.38,-0.15,-0.10,0.01,34.35,6
61.45,-6.47,-4.69,4.43,0.07,-0.19,-0.01,34.37,1
61.50,-6.26,-5.09,4.40,0.04,-0.01,0.08,34.38,6
61.55,-6.50,-4.62,4.52,0.06,0.01,0.21,34.38,3
61.60,-6.46,-4.66,4.37,0.14,0.01,0.19,34.38,4
61.65,-6.71,-4.31,4.61,0.14,0.15,0.23,34.36,4
61.70,-6.67,-4.70,4.78,0.18,0.32,0.36,34.37,12
61.75,-7.06,-4.50,4.57,0.07,0.83,0.55,34.37,6
61.80,-7.68,-4.66,4.85,-0.04,1.64,1.10,34.37,5
61.85,-8.29,-3.90,2.95,0.03,2.46,1.89,34.39,0
61.90,-9.14,-0.97,0.36,0.00,3.01,2.08,34.36,25
61.95,-8.23,0.23,-2.26,0.00,2.76,1.43,34.37,11
62.00,-8.39,1.34,-4.68,-0.13,2.45,1.13,34.35,0
62.05,-7.71,1.90,-5.31,-0.62,1.99,0.48,34.37,0
62.10,-7.13,2.98,-6.95,-0.09,1.52,0.31,34.36,0
62.15,-6.42,2.60,-8.73,0.69,0.86,0.19,34.37,2
62.20,-5.82,2.15,-9.14,0.08,0.26,-0.02,34.38,7
62.25,-5.83,2.75,-8.06,0.21,0.04,-0.01,34.38,4
62.30,-7.10,1.24,-7.62,0.66,0.09,0.08,34.37,9
62.35,-6.47,2.54,-8.65,-0.03,0.05,-0.21,34.36,0
62.40,-8.31,1.34,-8.61,-0.24,-0.22,-0.25,34.36,3
62.45,-14.03,-5.12,-2.27,-0.18,-1.60,-1.84,34.37,1
62.50,-10.64,-6.26,-0.53,0.79,-2.13,-3.47,34.39,9
62.55,-7.25,-4.25,3.34,0.90,-3.62,-1.63,34.37,2
62.60,-7.62,-5.39,3.80,0.31,-4.37,-0.49,34.37,7
62.65,-10.66,-7.68,3.06,0.90,-3.47,-2.56,34.37,4
62.70,-11.07,-6.31,3.59,1.15,-2.63,-2.84,34.38,3
62.75,-11.04,-5.83,4.80,0.95,-2.58,-2.47,34.38,5
62.80,-11.32,-2.94,0.13,0.34,-1.95,-1.24,34.38,4
62.85,-9.54,-1.92,-2.14,-0.23,-0.19,0.14,34.37,3
62.90,5.47,-8.34,9.13,0.29,0.85,0.87,34.37,4
62.95,-5.90,-4.38,6.96,-0.32,1.84,0.84,34.38,1
63.00,-5.57,-5.77,5.16,-0.13,1.41,0.71,34.40,4
63.05,-7.40,-5.33,4.81,0.01,0.96,0.64,34.38,3
63.10,-6.87,-4.44,4.91,0.19,0.13,0.43,34.39,6
63.15,-6.38,-4.56,4.57,0.05,0.03,0.17,34.38,4
63.20,-6.55,-4.58,4.60,0.01,-0.21,0.07,34.39,8
63.25,-6.30,-4.56,4.72,0.19,-0.12,0.10,34.39,5
63.30,-6.38,-4.32,4.79,0.15,0.04,0.13,34.40,8
63.35,-6.44,-4.32,4.80,0.10,0.17,0.14,34.38,0
63.40,-6.68,-4.07,4.69,0.11,0.25,0.16,34.37,11
63.45,-6.85,-4.08,5.07,0.03,0.50,0.24,34.37,0
63.50,-7.25,-4.85,5.30,-0.06,1.27,0.74,34.37,6
63.55,-7.97,-4.24,3.81,-0.02,2.29,1.50,34.38,8
63.60,-9.45,-3.38,2.49,-0.10,2.78,1.82,34.38,4
63.65,-8.58,-1.14,-0.79,-0.19,3.00,1.84,34.38,1
63.70,-8.53,0.57,-3.66,-0.37,2.55,1.63,34.38,0
63.75,-7.48,2.32,-4.73,-0.46,2.35,1.32,34.38,1
63.80,-6.94,3.62,-6.28,-0.34,1.88,0.62,34.38,38
63.85,-5.73,3.57,-8.50,1.04,1.06,0.36,34.38,0
63.90,-5.91,1.87,-9.72,0.96,0.24,0.43,34.37,7
63.95,-6.51,2.58,-8.22,-0.53,-0.26,0.04,34.39,0
64.00,-6.86,3.30,-7.11,0.03,-0.19,-0.08,34.38,15
64.05,-7.31,2.60,-7.33,0.30,0.04,-0.07,34.37,0
64.10,-8.99,1.81,-9.32,-0.86,0.04,-0.40,34.36,4
64.15,-10.59,1.34,-5.34,-1.07,0.34,-0.47,34.36,4
64.20,-9.47,-1.36,-2.24,0.68,-1.14,-0.44,34.38,4
64.25,-10.85,-0.20,-1.58,0.50,-2.41,-1.26,34.38,1
64.30,-6.84,-0.24,-0.84,1.08,-3.93,-2.39,34.38,7
64.35,-7.97,-3.02,1.51,1.75,-3.18,-2.48,34.37,4
64.40,-8.94,-5.12,2.66,0.91,-3.08,-2.08,34.38,5
64.45,-10.18,-4.95,4.67,0.70,-2.99,-2.40,34.37,2
64.50,-10.70,-4.32,5.71,0.10,-3.07,-1.77,34.39,4
64.55,-9.00,-3.24,3.46,-0.31,-2.80,-1.04,34.41,4
64.60,-7.60,-2.49,1.44,-0.40,-1.38,-0.09,34.38,4
64.65,-4.93,-3.33,3.22,0.51,0.23,-0.50,34.40,1
64.70,-0.89,-5.33,6.77,0.28,1.32,0.84,34.40,6
64.75,-4.51,-3.31,6.63,-0.06,2.19,0.67,34.41,0
64.80,-4.18,-6.72,4.90,-0.58,1.76,0.65,34.38,7
64.85,-7.84,-5.82,4.72,-0.34,1.21,0.40,34.41,5
64.90,-5.90,-5.33,4.52,0.07,0.22,0.16,34.42,10
64.95,-6.29,-4.75,4.88,-0.01,-0.08,0.30,34.41,0
65.00,-6.16,-5.19,4.28,0.07,-0.24,0.37,34.40,6
65.05,-6.66,-4.29,4.91,0.19,-0.12,0.30,34.40,8
65.10,-6.20,-4.70,4.76,0.28,0.07,0.17,34.39,0
65.15,-6.40,-4.49,4.69,0.21,0.22,0.23,34.39,2
65.20,-6.68,-4.28,4.95,0.23,0.37,0.33,34.39,8
65.25,-6.97,-4.24,5.01,0.05,0.82,0.52,34.39,9
65.30,-7.50,-4.09,5.51,-0.09,2.00,1.16,34.39,6
65.35,-8.31,-4.48,3.59,-0.03,3.02,2.06,34.38,17
65.40,-9.12,-0.87,0.28,-0.24,3.82,2.51,34.40,11
65.45,-7.86,1.10,-4.11,-0.09,3.16,1.95,34.41,1
65.50,-7.04,2.82,-5.95,-0.54,2.33,1.09,34.40,0
65.55,-6.61,3.90,-6.45,-0.31,1.57,0.46,34.41,0
65.60,-5.47,3.41,-7.96,0.96,0.83,0.21,34.41,23
65.65,-6.13,2.03,-9.20,0.96,0.33,0.19,34.38,0
65.70,-6.53,2.76,-8.22,-0.42,-0.04,-0.17,34.39,17
65.75,-6.92,2.85,-7.27,0.11,0.02,-0.08,34.38,0
65.80,-7.07,2.60,-8.21,0.44,0.13,0.02,34.39,16
65.85,-6.24,2.45,-7.85,0.91,0.21,0.11,34.40,0
65.90,-7.38,2.28,-8.62,1.27,-0.14,0.06,34.37,7
65.95,-10.87,-2.22,-5.71,-0.03,-0.99,-0.62,34.41,0
66.00,-13.71,-4.18,0.12,1.22,-3.86,-2.80,34.40,4
66.05,-8.49,-4.60,3.73,-1.09,-4.37,-1.40,34.39,2
66.10,-6.56,-5.55,3.64,-0.22,-4.37,-1.50,34.37,7
66.15,-10.43,-5.60,4.94,0.36,-3.53,-2.24,34.37,4
66.20,-11.55,-5.77,5.31,0.44,-3.08,-2.15,34.38,5
66.25,-12.26,-4.53,3.90,0.49,-2.86,-1.81,34.39,5
66.30,-11.06,-2.15,-0.29,-0.10,-1.70,-0.92,34.38,7
66.35,-8.60,-2.01,-0.57,0.35,0.33,-0.15,34.39,7
66.40,-3.27,-4.64,6.11,0.44,1.57,1.42,34.41,5
66.45,-6.95,-5.18,6.34,-0.67,1.99,0.77,34.40,6
66.50,-6.95,-4.84,5.43,-0.14,1.38,0.64,34.38,3
66.55,-6.92,-5.54,4.51,-0.20,0.45,0.03,34.40,5
66.60,-6.41,-5.08,4.68,-0.24,0.02,-0.09,34.40,2
66.65,-6.09,-5.46,4.06,0.06,0.04,0.08,34.39,8
66.70,-6.38,-5.05,4.44,0.14,-0.17,0.20,34.39,3
66.75,-6.10,-5.27,4.25,0.12,-0.08,0.09,34.39,4
66.80,-6.34,-4.60,4.79,0.45,-0.30,0.53,34.40,7
66.85,-6.01,-5.13,4.49,0.12,0.15,-0.06,34.39,5
66.90,-6.41,-4.78,4.41,-0.05,0.16,0.11,34.40,7
66.95,-6.57,-4.64,4.48,-0.13,0.19,0.29,34.39,6
67.00,-6.70,-4.65,4.65,-0.10,0.44,0.20,34.40,4
67.05,-6.95,-5.01,4.60,-0.13,1.14,0.35,34.42,11
67.10,-7.31,-5.68,4.43,-0.25,2.27,1.04,34.41,8
67.15,-8.57,-4.32,1.47,-0.49,3.07,2.00,34.40,0
67.20,-9.00,-2.12,-1.64,-0.31,2.96,2.07,34.40,28
67.25,-8.13,-0.49,-4.03,-0.39,2.45,1.78,34.39,5
67.30,-7.79,1.23,-5.29,-0.36,2.22,1.38,34.40,0
67.35,-7.93,1.96,-6.14,-0.62,1.85,0.67,34.41,12
67.40,-6.11,2.76,-7.54,0.33,1.21,0.31,34.41,0
67.45,-4.80,2.30,-9.48,0.95,0.72,0.25,34.41,27
67.50,-4.94,1.47,-10.10,0.18,0.11,0.14,34.40,0
67.55,-6.16,2.25,-8.54,-0.19,-0.27,0.13,34.41,8
67.60,-6.94,2.41,-7.32,0.31,-0.27,0.01,34.39,17
67.65,-7.22,2.04,-8.49,0.43,-0.00,-0.15,34.40,0
67.70,-9.80,-1.75,-6.34,-0.11,-0.03,-1.04,34.40,7
67.75,-13.12,-3.92,-0.18,0.78,-3.16,-2.47,34.41,8
67.80,-9.90,-4.55,4.11,-0.72,-4.37,-1.49,34.40,6
67.85,-5.41,-6.50,3.83,0.55,-4.37,-0.93,34.39,10
67.90,-8.27,-6.87,4.81,0.94,-3.29,-2.97,34.40,5
67.95,-11.90,-6.06,5.26,0.51,-3.54,-2.58,34.40,3
68.00,-11.46,-4.43,3.73,0.57,-2.85,-2.62,34.42,3
68.05,-11.73,-1.54,-0.08,0.01,-1.43,-0.89,34.39,10
68.10,-9.39,0.04,0.21,1.15,0.95,0.30,34.39,7
68.15,-4.81,-9.99,4.22,0.24,3.61,1.03,34.38,9
68.20,-9.81,-5.21,5.70,-0.44,2.02,0.59,34.39,8
68.25,-6.51,-5.44,4.68,0.08,0.57,0.20,34.40,0
68.30,-6.91,-4.72,4.99,-0.36,0.16,-0.28,34.39,6
68.35,-5.77,-6.08,3.40,-0.09,0.12,-0.27,34.40,14
68.40,-6.04,-5.73,3.84,0.11,-0.03,0.12,34.42,9
68.45,-6.52,-5.07,4.33,0.17,-0.05,0.14,34.40,6
68.50,-5.65,-5.66,3.90,0.18,-0.36,0.44,34.40,4
68.55,-6.37,-5.18,4.55,0.31,-0.46,0.53,34.41,4
68.60,-6.37,-4.64,4.86,0.31,-0.04,0.13,34.42,3
68.65,-6.31,-4.74,4.58,0.31,0.12,0.22,34.41,7
68.70,-6.43,-4.69,4.98,0.19,0.30,0.30,34.41,5
68.75,-6.85,-4.55,5.33,-0.03,0.96,0.48,34.42,8
68.80,-7.37,-4.33,4.52,-0.09,1.89,1.07,34.40,6
68.85,-8.15,-4.01,2.81,-0.05,2.29,1.49,34.39,4
68.90,-9.34,-2.65,1.03,-0.12,2.86,2.03,34.41,0
68.95,-9.08,0.14,-2.15,-0.14,2.62,1.63,34.42,0
69.00,-8.42,1.47,-4.01,0.05,1.99,0.95,34.42,0
69.05,-8.68,0.83,-4.33,-0.02,2.06,0.58,34.41,0
69.10,-7.31,1.66,-6.47,-0.14,1.90,0.39,34.40,0
69.15,-6.44,1.80,-8.81,0.42,0.86,0.34,34.42,2
69.20,-6.92,1.83,-8.49,-0.19,0.11,0.17,34.41,46
69.25,-6.99,2.70,-7.50,-0.25,-0.09,0.07,34.39,6
69.30,-7.25,2.91,-7.88,0.18,-0.06,-0.11,34.39,1
69.35,-7.81,1.10,-7.94,0.24,-0.27,-0.04,34.40,2
69.40,-8.07,1.73,-6.41,-1.50,-0.12,-0.18,34.39,6
69.45,-9.89,1.26,-5.39,0.39,-0.96,-1.09,34.42,5
69.50,-14.26,-2.84,-0.21,0.72,-3.77,-2.55,34.40,7
69.55,-7.63,-3.79,4.03,0.13,-2.60,-1.27,34.41,3
69.60,-5.34,-4.98,4.22,0.86,-3.31,-1.82,34.42,5
69.65,-9.22,-5.57,4.79,0.88,-3.45,-2.48,34.41,8
69.70,-10.17,-6.14,4.08,0.57,-3.09,-2.21,34.41,6
69.75,-9.98,-5.73,5.53,0.39,-2.71,-2.47,34.41,5
69.80,-9.01,-3.25,4.39,0.26,-2.51,-1.57,34.40,7
69.85,-8.23,-1.88,0.01,-0.39,-1.35,-0.05,34.40,5
69.90,-9.79,-3.18,-2.13,0.62,1.34,-0.10,34.40,6
69.95,-6.75,-3.94,7.62,0.69,2.90,1.03,34.40,3
70.00,-6.89,-8.26,4.75,-0.81,1.91,0.91,34.42,6
70.05,-8.52,-4.77,5.56,0.17,1.21,0.77,34.42,1
70.10,-6.96,-4.75,4.87,0.10,0.32,0.31,34.42,6
70.15,-6.21,-4.50,4.80,0.12,0.11,0.13,34.40,9
70.20,-6.13,-4.58,4.67,0.04,0.05,0.13,34.40,5
70.25,-6.67,-4.37,4.62,-0.15,-0.18,0.14,34.42,5
70.30,-6.45,-4.30,4.75,0.16,-0.07,0.15,34.40,3
70.35,-6.41,-4.51,4.83,0.18,0.08,0.15,34.44,3
70.40,-6.66,-4.27,4.64,0.20,0.26,0.23,34.40,1
70.45,-6.90,-4.09,5.08,0.11,0.60,0.40,34.44,6
70.50,-7.35,-3.57,5.83,-0.11,1.62,0.98,34.42,0
70.55,-8.21,-4.72,3.73,-0.01,2.82,1.76,34.42,9
70.60,-9.32,-1.25,1.02,-0.24,3.63,2.11,34.42,3
70.65,-8.92,-0.79,-2.59,-0.13,3.22,1.65,34.42,0
70.70,-7.57,1.64,-4.97,-0.79,2.54,1.24,34.42,26
70.75,-7.12,3.39,-6.01,-1.14,1.80,0.37,34.44,0
70.80,-6.22,3.32,-7.50,0.73,1.17,0.45,34.41,14
70.85,-6.14,2.05,-8.93,0.97,0.54,0.28,34.42,6
70.90,-6.37,1.90,-8.45,-0.03,0.14,0.17,34.41,7
70.95,-6.73,3.13,-7.53,0.03,0.03,0.17,34.40,0
71.00,-6.98,2.56,-7.59,0.16,-0.04,-0.15,34.41,0
71.05,-7.03,1.96,-7.92,0.39,0.05,-0.14,34.42,8
71.10,-6.66,1.58,-7.36,-0.13,-0.01,-0.04,34.40,7
71.15,-6.61,2.76,-7.51,-0.04,-0.01,-0.05,34.41,3
71.20,-6.93,2.58,-7.51,0.53,0.13,-0.15,34.41,35
71.25,-6.76,1.89,-8.58,0.53,0.06,-0.23,34.43,0
71.30,-7.31,1.73,-7.91,0.32,-0.08,-0.10,34.42,3
71.35,-8.92,-0.98,-8.35,0.30,-0.23,-0.06,34.42,5
71.40,-13.78,-6.27,-1.47,-1.00,-2.63,-1.52,34.42,3
71.45,-6.58,-0.53,4.74,-0.93,-3.98,-2.38,34.42,5
71.50,-5.87,-1.66,5.20,-0.04,-4.21,-1.77,34.42,4
71.55,-8.73,-4.19,4.41,0.91,-3.88,-2.62,34.41,6
71.60,-10.89,-5.80,4.25,1.11,-3.56,-2.50,34.43,3
71.65,-11.65,-7.38,4.04,1.07,-2.93,-2.72,34.42,2
71.70,-12.98,-3.06,0.85,0.31,-2.32,-1.66,34.43,8
71.75,-10.73,-1.29,-3.51,-0.25,-0.57,0.61,34.42,0
71.80,-3.65,-1.67,9.23,0.41,1.80,0.77,34.41,5
71.85,-7.24,-10.14,4.19,-1.10,1.82,0.72,34.43,5
71.90,-6.45,-4.32,5.92,-0.14,0.97,0.59,34.41,4
71.95,-6.18,-5.76,4.55,-0.08,0.72,0.30,34.43,5
72.00,-6.26,-5.04,4.65,0.15,0.18,0.21,34.44,5
72.05,-6.21,-4.61,4.76,0.06,-0.06,0.21,34.44,4
72.10,-6.18,-4.99,4.62,-0.10,-0.11,0.11,34.41,5
72.15,-6.36,-4.68,4.59,0.16,-0.14,0.17,34.44,4
72.20,-6.28,-4.64,4.71,0.26,-0.12,0.07,34.45,3
72.25,-6.27,-4.51,4.88,0.17,0.04,0.14,34.43,1
72.30,-6.38,-4.44,4.83,0.07,0.23,0.21,34.42,4
72.35,-6.56,-4.61,4.89,0.21,0.35,0.43,34.42,0
72.40,-7.02,-4.22,4.95,0.12,0.88,0.56,34.42,3
72.45,-7.58,-4.39,5.24,0.08,1.99,1.16,34.41,6
72.50,-8.46,-4.13,3.38,0.33,2.77,2.04,34.43,8
72.55,-9.08,-1.32,0.48,1.08,3.31,2.73,34.44,0
72.60,-8.08,1.97,-3.37,0.73,2.94,1.90,34.44,4
72.65,-7.76,2.54,-5.11,0.50,2.31,1.00,34.43,1
72.70,-7.62,2.09,-6.50,0.19,1.74,0.46,34.43,6
72.75,-6.63,2.65,-7.71,0.28,0.91,0.27,34.42,17
72.80,-6.17,2.84,-7.79,0.67,0.41,0.28,34.41,7
72.85,-6.37,2.96,-8.14,0.58,0.09,0.22,34.43,1
72.90,-6.82,2.49,-8.12,0.32,-0.21,0.06,34.42,0
72.95,-7.66,2.48,-6.68,0.12,-0.33,-0.14,34.43,8
73.00,-8.35,2.57,-6.79,0.45,0.14,-0.13,34.42,4
73.05,-11.25,-1.11,-5.35,2.39,-0.14,-0.41,34.42,3
73.10,-10.77,-2.52,-4.47,-0.03,0.59,-1.25,34.43,5
73.15,-9.67,-1.37,0.80,1.00,-4.37,-1.00,34.42,2
73.20,-7.70,-5.54,1.61,0.35,-4.37,-0.12,34.42,4
73.25,-7.87,-6.72,1.33,1.81,-4.15,-2.10,34.44,6
73.30,-10.48,-7.03,1.45,1.74,-3.35,-2.55,34.41,5
73.35,-11.89,-7.53,3.67,1.52,-2.40,-2.93,34.43,6
73.40,-11.55,-5.54,4.72,0.42,-2.23,-2.05,34.42,6
73.45,-9.17,-3.10,3.25,-0.23,-2.25,-1.09,34.42,7
73.50,-7.58,-2.43,0.83,-0.15,-0.90,-0.54,34.41,4
73.55,0.61,-3.03,6.88,1.11,0.93,0.68,34.43,7
73.60,-5.12,-3.97,7.48,-0.26,2.03,0.97,34.42,9
73.65,-5.18,-5.17,5.82,-0.49,1.38,0.52,34.42,8
73.70,-5.99,-5.46,5.45,-0.14,0.96,0.33,34.43,3
73.75,-5.59,-5.38,4.75,-0.15,0.97,0.16,34.42,5
73.80,-6.61,-5.01,4.79,0.02,0.23,0.09,34.43,4
73.85,-6.55,-5.04,4.63,-0.15,-0.04,0.01,34.43,3
73.90,-6.14,-5.28,4.34,-0.06,-0.01,0.02,34.44,4
73.95,-6.12,-5.29,4.30,0.03,0.02,0.05,34.41,4
74.00,-5.84,-5.51,3.85,0.23,-0.26,0.48,34.41,3
74.05,-6.51,-4.58,4.93,0.17,-0.01,0.28,34.45,2
74.10,-6.45,-4.76,4.47,0.20,0.12,0.32,34.45,4
74.15,-6.64,-4.64,4.56,0.06,0.39,0.14,34.45,3
74.20,-6.88,-4.56,4.95,0.05,0.82,0.32,34.43,4
74.25,-7.28,-5.12,4.94,-0.17,1.73,0.83,34.42,5
74.30,-7.99,-4.54,3.65,-0.25,3.59,1.81,34.43,8
74.35,-9.17,-4.14,-1.25,0.23,3.90,2.97,34.43,14
74.40,-7.06,1.16,-5.08,-0.06,3.02,2.69,34.42,4
74.45,-7.43,3.26,-5.67,-0.46,1.95,1.25,34.43,11
74.50,-7.67,3.04,-6.30,-0.17,1.50,0.45,34.42,0
74.55,-6.18,3.34,-8.01,-0.16,0.71,0.13,34.41,14
74.60,-5.66,2.94,-8.08,-0.09,0.23,-0.00,34.41,4
74.65,-6.65,2.76,-7.48,-0.74,-0.04,-0.01,34.41,11
74.70,-6.57,4.20,-6.11,0.19,0.08,0.11,34.43,11
74.75,-6.61,3.55,-7.72,1.18,0.15,0.05,34.41,4
74.80,-7.40,2.32,-8.01,1.04,0.11,0.03,34.41,7
74.85,-14.46,-3.87,-4.30,1.71,-1.70,-2.54,34.42,9
74.90,-8.93,-1.30,0.74,0.51,-3.61,-2.11,34.42,7
74.95,-8.20,-3.51,3.39,-0.37,-4.29,0.43,34.44,6
75.00,-6.67,-5.49,2.39,0.96,-3.35,-1.39,34.44,6
75.05,-9.72,-5.65,3.00,1.40,-3.27,-2.47,34.43,5
75.10,-10.20,-7.15,2.51,1.24,-2.66,-2.39,34.43,6
75.15,-10.40,-6.07,4.23,1.03,-2.41,-2.93,34.44,6
75.20,-9.80,-3.73,4.33,-0.11,-2.72,-1.35,34.44,7
75.25,-8.93,-2.66,0.99,-0.66,-1.66,-0.36,34.47,5
75.30,-6.94,-3.29,1.67,0.18,0.49,-0.08,34.42,6
75.35,8.49,-11.18,21.92,1.18,1.06,0.13,34.44,6
75.40,-5.35,-3.25,7.45,-0.53,2.07,0.63,34.45,3
75.45,-6.69,-6.61,5.01,-0.10,1.42,0.61,34.44,6
75.50,-6.90,-5.00,5.08,0.01,0.94,0.35,34.44,2
75.55,-6.61,-4.94,4.70,0.25,0.37,0.41,34.44,6
75.60,-6.34,-4.84,4.55,0.09,-0.04,0.23,34.44,6
75.65,-6.42,-4.62,4.67,0.03,-0.20,0.13,34.46,4
75.70,-6.36,-4.60,4.75,0.19,-0.16,0.18,34.46,3
75.75,-6.32,-4.46,4.85,0.12,0.07,0.16,34.46,4
75.80,-6.44,-4.39,4.68,0.16,0.14,0.22,34.44,3
75.85,-6.60,-4.34,4.91,0.18,0.27,0.26,34.46,6
75.90,-6.86,-4.29,5.24,0.07,0.72,0.43,34.46,4
75.95,-7.35,-4.50,4.91,0.01,1.46,0.90,34.46,10
76.00,-8.16,-4.04,3.84,-0.00,2.33,1.60,34.46,18
76.05,-8.71,-3.57,2.13,0.11,3.16,2.45,34.46,19
76.10,-9.02,0.84,-1.37,-0.02,3.01,2.19,34.47,18
76.15,-7.77,2.38,-3.51,-0.34,2.54,1.30,34.46,2
76.20,-7.46,3.25,-4.83,-0.36,2.57,0.77,34.48,14
76.25,-6.39,3.57,-7.65,-0.05,1.63,0.19,34.47,0
76.30,-5.47,3.86,-9.41,0.39,0.77,0.09,34.45,0
76.35,-6.18,2.40,-9.02,0.09,0.02,0.07,34.43,0
76.40,-6.55,3.55,-7.21,-0.36,-0.18,-0.06,34.45,0
76.45,-6.98,3.80,-7.40,0.35,-0.00,-0.03,34.44,5
76.50,-8.13,4.07,-9.41,-1.44,-0.49,-1.07,34.45,6
76.55,-13.91,1.72,-2.65,-0.59,-3.22,-1.20,34.44,6
76.60,-6.52,-3.64,1.14,1.38,-2.35,-0.52,34.42,4
76.65,-6.11,-3.28,5.36,1.49,-2.50,-2.70,34.44,6
76.70,-7.66,-2.83,5.13,0.50,-3.74,-2.29,34.43,7
76.75,-10.37,-4.40,3.90,0.31,-3.67,-2.34,34.44,3
76.80,-10.84,-4.73,3.63,0.54,-2.20,-2.19,34.43,8
76.85,-9.53,-4.03,3.21,0.29,-1.97,-1.62,34.44,5
76.90,-8.39,-4.35,3.95,0.77,-1.76,-2.05,34.44,4
76.95,-7.75,-2.58,3.79,0.10,-1.42,-0.98,34.45,5
77.00,-5.87,-3.57,2.26,0.19,-0.28,0.23,34.44,4
77.05,-3.43,-4.62,7.12,0.06,2.19,1.27,34.46,7
77.10,-7.21,-4.95,6.13,-0.41,2.08,0.90,34.43,7
77.15,-5.64,-4.51,5.37,-0.01,0.92,0.44,34.44,4
77.20,-7.65,-4.66,5.11,-0.14,0.27,0.40,34.47,6
77.25,-6.49,-4.87,4.52,0.02,0.09,0.11,34.44,4
77.30,-6.08,-4.50,4.79,0.08,0.09,0.11,34.42,0
77.35,-6.46,-4.77,4.54,-0.19,0.05,-0.12,34.45,4
77.40,-6.53,-4.75,4.41,0.11,0.07,0.07,34.46,7
77.45,-6.59,-4.57,4.49,0.07,0.11,0.34,34.44,2
77.50,-6.69,-4.30,4.55,0.19,0.18,0.33,34.45,0
77.55,-6.91,-4.39,4.35,0.15,0.32,0.28,34.44,11
77.60,-7.16,-4.26,4.50,0.06,0.69,0.43,34.45,4
77.65,-7.57,-3.91,4.63,-0.10,1.43,0.74,34.45,3
77.70,-8.10,-3.54,3.22,-0.21,2.04,0.75,34.46,9
77.75,-9.20,-4.00,1.75,-0.51,2.92,1.39,34.44,4
77.80,-8.71,-1.25,-1.51,-0.41,3.19,1.42,34.46,2
77.85,-7.86,-0.17,-4.90,-0.01,2.66,1.04,34.44,0
77.90,-7.96,0.66,-6.38,-0.42,2.13,0.78,34.46,0
77.95,-6.97,0.22,-6.96,-0.29,1.52,0.72,34.45,0
78.00,-5.86,1.69,-8.76,-0.13,0.75,0.36,34.43,0
78.05,-5.67,1.40,-9.32,0.25,0.09,0.32,34.46,8
78.10,-6.80,1.60,-8.40,0.01,-0.38,0.31,34.45,0
78.15,-7.32,2.19,-7.10,-0.20,-0.19,0.08,34.44,11
78.20,-7.38,2.47,-7.15,0.05,0.07,0.04,34.44,0
78.25,-7.25,2.11,-7.70,0.11,0.08,-0.11,34.45,6
78.30,-8.23,5.75,-9.46,-1.30,-0.25,-1.24,34.46,6
78.35,-12.09,-5.89,0.34,-1.01,-4.37,-2.03,34.46,6
78.40,-7.02,-7.29,2.79,1.80,-3.08,-0.94,34.46,7
78.45,-5.64,-6.07,2.37,2.01,-2.98,-1.82,34.47,6
78.50,-9.11,-8.41,1.38,2.09,-2.76,-2.85,34.45,7
78.55,-9.94,-9.30,0.38,1.94,-1.80,-2.89,34.45,5
78.60,-10.35,-7.33,1.87,0.87,-1.53,-2.99,34.45,5
78.65,-10.38,-4.88,3.86,0.47,-1.66,-2.68,34.47,4
78.70,-9.34,-3.76,2.33,0.58,-1.63,-1.98,34.46,2
78.75,-8.07,-1.93,-0.03,0.62,0.15,-0.91,34.47,13
78.80,-3.51,-2.15,8.41,0.54,1.87,0.94,34.46,4
78.85,-7.82,-5.36,6.37,-0.47,1.79,0.44,34.45,3
78.90,-6.14,-5.77,5.22,-0.88,1.25,0.00,34.44,4
78.95,-6.14,-6.19,4.49,-0.10,0.44,-0.03,34.46,14
79.00,-6.04,-5.54,4.45,0.10,0.02,0.06,34.47,0
79.05,-6.21,-5.40,4.43,0.03,0.13,-0.00,34.47,9
79.10,-5.96,-5.70,4.10,0.06,-0.03,0.24,34.44,3
79.15,-6.71,-4.50,5.01,0.23,-0.32,0.84,34.47,0
79.20,-5.64,-5.63,3.93,0.16,-0.07,0.15,34.47,0
79.25,-6.55,-4.54,5.01,0.56,-0.11,0.45,34.46,1
79.30,-6.25,-4.79,5.00,0.25,0.30,0.29,34.46,5
79.35,-6.68,-4.45,5.14,0.12,0.61,0.47,34.47,7
79.40,-7.14,-4.86,5.39,0.02,1.50,0.83,34.46,3
79.45,-7.85,-4.37,4.61,-0.13,2.77,1.81,34.45,18
79.50,-9.76,-2.95,1.44,-0.44,3.51,2.27,34.46,6
79.55,-7.67,0.29,-2.24,-0.40,3.19,1.78,34.44,3
79.60,-7.95,0.76,-4.33,-0.18,2.43,1.24,34.47,0
79.65,-7.58,1.67,-5.75,-0.47,2.14,0.97,34.45,0
79.70,-6.75,2.96,-7.41,0.04,1.34,0.68,34.44,0
79.75,-5.61,3.02,-8.78,0.47,0.59,0.32,34.47,62
79.80,-6.62,2.61,-8.94,-0.08,0.01,-0.03,34.46,0
79.85,-6.83,2.52,-6.79,-0.54,-0.11,-0.12,34.45,0
79.90,-6.65,3.22,-6.85,0.30,-0.03,-0.05,34.47,0
79.95,-6.79,2.40,-7.47,0.50,0.03,-0.12,34.47,0
80.00,-7.59,2.32,-8.02,-0.31,0.07,-0.16,34.45,11
80.05,-7.68,2.49,-8.50,-0.80,0.04,-0.16,34.44,0
80.10,-11.90,0.13,-6.59,-0.63,-1.72,-0.72,34.47,3
80.15,-5.62,-1.58,1.76,-0.18,-3.89,-3.24,34.47,0
80.20,-6.89,2.87,5.66,-0.74,-3.43,-2.28,34.47,9
80.25,-9.28,0.22,5.59,-1.00,-4.06,-1.98,34.47,9
80.30,-10.38,-0.24,5.88,-0.98,-3.68,-1.31,34.48,8
80.35,-10.61,-2.26,5.86,-0.81,-2.74,-0.74,34.45,6
80.40,-11.07,-3.23,4.93,-0.10,-1.91,-0.80,34.45,2
80.45,-8.04,-2.20,3.81,-0.57,-1.95,-0.05,34.46,10
80.50,-5.56,-3.13,2.04,-1.21,-1.69,0.86,34.47,6
80.55,-5.95,-3.89,2.46,-0.15,-0.33,0.41,34.45,3
80.60,-3.49,-5.07,6.03,0.93,1.19,0.86,34.45,0
80.65,-6.28,-5.65,5.93,-0.67,1.72,0.80,34.47,1
80.70,-6.13,-4.59,5.30,0.05,0.95,0.57,34.47,0
80.75,-7.38,-4.57,4.86,0.06,0.11,0.25,34.47,4
80.80,-6.05,-4.79,4.78,0.12,-0.01,0.12,34.46,16
80.85,-6.45,-4.66,4.62,0.04,-0.14,0.19,34.46,0
80.90,-6.03,-4.88,4.74,0.10,-0.26,0.12,34.47,0
80.95,-6.24,-4.44,4.88,0.13,-0.12,0.11,34.45,1
81.00,-6.02,-4.54,4.82,0.17,0.00,0.10,34.46,11
81.05,-6.08,-4.54,4.93,0.21,0.14,0.19,34.47,3
81.10,-6.45,-4.80,5.41,0.29,0.40,0.48,34.46,12
81.15,-7.09,-3.56,6.67,-0.06,1.71,1.32,34.47,0
81.20,-8.02,-3.86,3.67,0.03,2.79,1.93,34.45,5
81.25,-9.44,-0.97,1.11,-0.20,2.68,1.86,34.48,0
81.30,-8.73,-0.06,-0.60,-0.35,2.74,1.53,34.47,7
81.35,-8.69,0.81,-2.54,-0.55,2.45,1.32,34.46,0
81.40,-7.68,3.51,-4.97,-0.90,2.10,0.79,34.47,0
81.45,-7.76,3.06,-5.63,-0.30,1.51,0.40,34.47,0
81.50,-7.35,2.94,-7.13,0.15,0.95,0.25,34.47,30
81.55,-6.59,3.28,-7.50,0.19,0.51,0.11,34.45,0
81.60,-6.68,3.20,-7.27,0.15,0.22,0.13,34.45,0
81.65,-6.68,3.04,-6.83,0.24,0.05,0.07,34.47,23
81.70,-6.88,3.35,-7.10,0.36,-0.03,-0.05,34.47,0
81.75,-7.39,2.76,-7.15,-0.19,0.00,-0.14,34.47,21
81.80,-6.96,3.08,-6.98,-0.13,0.00,-0.11,34.44,1
81.85,-7.01,2.88,-7.22,0.33,-0.09,-0.09,34.45,20
81.90,-7.38,2.67,-6.82,-0.02,-0.13,-0.13,34.44,7
81.95,-7.14,3.04,-7.45,-0.32,-0.19,-0.16,34.47,6
82.00,-7.19,3.91,-6.33,-0.84,-0.18,-0.21,34.46,2
82.05,-7.66,3.20,-5.82,0.01,-0.17,-0.22,34.44,9
82.10,-8.10,3.20,-8.51,-1.06,-0.15,-0.57,34.45,10
82.15,-9.55,-0.32,-1.02,-1.67,-3.12,-2.19,34.44,13
82.20,-3.10,1.78,1.74,-2.58,-3.98,-1.37,34.45,1
82.25,-7.44,-0.13,3.51,-1.97,-3.01,-1.58,34.46,7
82.30,-8.60,-0.12,5.53,-0.62,-2.42,-1.70,34.45,7
82.35,-9.29,0.09,5.84,-0.18,-2.08,-1.29,34.48,0
82.40,-8.18,-0.35,5.25,-0.66,-1.21,0.38,34.46,4
82.45,-6.44,-1.39,5.24,-0.52,-0.96,0.11,34.48,0
82.50,-5.22,-2.46,5.96,-0.01,-0.70,0.04,34.48,3
82.55,-6.26,-2.84,5.74,0.25,-0.26,-0.16,34.46,5
82.60,-5.66,-3.55,4.35,0.19,0.01,-0.16,34.46,0
82.65,-5.40,-3.39,0.01,-0.33,1.16,-0.84,34.48,4
82.70,-5.77,-0.25,6.79,-1.73,1.10,-0.94,34.48,9
82.75,-7.08,-4.28,4.80,-0.22,0.11,0.03,34.47,24
82.80,-6.10,-4.36,4.81,-0.03,-0.01,-0.12,34.47,1
82.85,-6.21,-4.57,4.73,-0.01,-0.09,-0.09,34.47,4
82.90,-6.27,-4.51,4.90,-0.04,-0.14,0.01,34.47,9
82.95,-6.18,-4.57,4.93,0.02,-0.05,-0.08,34.49,4
83.00,-6.16,-4.70,4.85,0.04,0.07,-0.10,34.48,0
83.05,-6.08,-4.79,4.70,-0.01,0.10,-0.12,34.48,18
83.10,-6.18,-4.87,4.60,-0.02,0.10,-0.13,34.50,0
83.15,-6.17,-4.96,4.59,0.06,0.08,-0.10,34.48,2
83.20,-6.22,-5.03,4.52,-0.04,0.01,-0.06,34.47,0
83.25,-6.15,-5.07,4.36,-0.05,0.04,-0.11,34.45,7
83.30,-6.14,-5.22,4.37,0.07,0.06,-0.09,34.49,6
83.35,-6.08,-5.27,4.23,0.09,0.01,-0.04,34.46,15
83.40,-6.26,-5.11,4.35,0.15,-0.01,-0.05,34.50,8
83.45,-6.17,-5.17,4.39,0.13,-0.00,-0.05,34.48,2
83.50,-6.06,-5.25,4.36,0.11,-0.03,-0.03,34.48,1
83.55,-6.08,-5.22,4.40,0.11,-0.04,0.00,34.48,6
83.60,-6.10,-5.19,4.39,0.10,-0.04,-0.02,34.50,10
83.65,-6.12,-5.16,4.41,0.11,-0.04,-0.01,34.49,7
83.70,-6.10,-5.18,4.41,0.10,-0.02,-0.02,34.48,7
83.75,-6.12,-5.16,4.34,0.11,-0.04,-0.01,34.46,1
83.80,-6.10,-5.15,4.40,0.10,-0.04,-0.02,34.49,4
83.85,-6.08,-5.14,4.47,0.10,-0.04,-0.02,34.48,3
83.90,-6.08,-5.14,4.42,0.11,-0.07,0.02,34.49,4
83.95,-6.10,-5.08,4.50,0.09,-0.03,0.00,34.49,0
84.00,-6.14,-5.02,4.52,0.11,-0.05,0.02,34.47,7
84.05,-6.09,-5.06,4.51,0.11,-0.04,-0.01,34.49,2
84.10,-6.12,-5.06,4.53,0.10,-0.03,-0.01,34.47,1
84.15,-6.09,-5.03,4.52,0.10,-0.03,-0.01,34.48,0
